program,cycle,country_iso3,domain,y_true,se_true,y_M0,y_M1,y_M2,resid_M0,resid_M1,resid_M2,n_train,n_test
ICCS,2016,BEL,civic_knowledge,537.2349,4.0874,,,,,,,0,18
ICCS,2016,CHL,civic_knowledge,482.4545,3.1078,,,,,,,0,18
ICCS,2016,DEU,civic_knowledge,518.5446,2.7289,,,,,,,0,18
ICCS,2016,DNK,civic_knowledge,586.2504,2.9824,,,576.3772,,,9.873199999999997,0,18
ICCS,2016,EST,civic_knowledge,546.4239,3.0511,,,525.3077,,,21.11620000000005,0,18
ICCS,2016,FIN,civic_knowledge,576.6514,2.2592,,,,,,,0,18
ICCS,2016,HKG,civic_knowledge,515.2757,6.6549,,,554.1034,,,-38.827699999999936,0,18
ICCS,2016,HRV,civic_knowledge,531.2111,2.475,,,,,,,0,18
ICCS,2016,KOR,civic_knowledge,551.2297,3.5742,,,564.8232,,,-13.593500000000063,0,18
ICCS,2016,LTU,civic_knowledge,517.7571,3.0453,,,505.1585,,,12.598600000000033,0,18
ICCS,2016,LVA,civic_knowledge,492.1515,3.131,,,481.6134,,,10.538099999999986,0,18
ICCS,2016,MEX,civic_knowledge,467.0415,2.5493,,,,,,,0,18
ICCS,2016,MLT,civic_knowledge,491.218,2.7277,,,,,,,0,18
ICCS,2016,NLD,civic_knowledge,522.8688,4.5337,,,493.6078,,,29.260999999999967,0,18
ICCS,2016,NOR,civic_knowledge,563.6634,2.1935,,,514.5604,,,49.103000000000065,0,18
ICCS,2016,RUS,civic_knowledge,544.6827,4.1884,,,,,,,0,18
ICCS,2016,SVN,civic_knowledge,532.1036,2.4904,,,515.9222,,,16.181400000000053,0,18
ICCS,2016,TWN,civic_knowledge,581.148,3.0302,,,558.7338,,,22.41420000000005,0,18
ICCS,2022,BGR,civic_knowledge,455.9214,4.6429,530.995,530.995,,-75.0736,-75.0736,,18,15
ICCS,2022,DEU,civic_knowledge,524.4767,2.6232,444.1365,444.1365,518.5446,80.34020000000004,80.34020000000004,5.932100000000105,18,15
ICCS,2022,ESP,civic_knowledge,509.7008,3.2619,530.995,530.995,,-21.29419999999999,-21.29419999999999,,18,15
ICCS,2022,EST,civic_knowledge,545.1539,5.4967,500.128,500.128,546.4239,45.025900000000036,45.025900000000036,-1.2699999999999818,18,15
ICCS,2022,FRA,civic_knowledge,508.2768,3.2726,530.995,530.995,,-22.718200000000024,-22.718200000000024,,18,15
ICCS,2022,HRV,civic_knowledge,531.3191,2.5977,474.7475,474.7475,531.2111,56.571600000000046,56.571600000000046,0.10800000000006094,18,15
ICCS,2022,ITA,civic_knowledge,522.9858,3.6214,530.995,530.995,,-8.009199999999964,-8.009199999999964,,18,15
ICCS,2022,LTU,civic_knowledge,508.8804,3.9666,493.4503,493.4503,517.7571,15.430099999999982,15.430099999999982,-8.876700000000028,18,15
ICCS,2022,LVA,civic_knowledge,490.1111,2.8447,473.7267,473.7267,492.1515,16.384400000000028,16.384400000000028,-2.040399999999977,18,15
ICCS,2022,NLD,civic_knowledge,508.2892,4.0937,475.5443,475.5443,522.8688,32.74489999999997,32.74489999999997,-14.57959999999997,18,15
ICCS,2022,NOR,civic_knowledge,529.1304,2.7885,533.6033,533.6033,563.6634,-4.4728999999999814,-4.4728999999999814,-34.533000000000015,18,15
ICCS,2022,SVK,civic_knowledge,501.0986,3.2703,530.995,530.995,,-29.89640000000003,-29.89640000000003,,18,15
ICCS,2022,SVN,civic_knowledge,504.0589,2.2942,493.365,493.365,532.1036,10.693899999999985,10.693899999999985,-28.044700000000034,18,15
ICCS,2022,SWE,civic_knowledge,564.6128,3.5044,530.995,530.995,,33.61779999999999,33.61779999999999,,18,15
ICCS,2022,TWN,civic_knowledge,583.06,2.3025,507.4579,507.4579,581.148,75.60209999999995,75.60209999999995,1.9119999999999209,18,15
ICCS,2016,BEL,parental_education,3.2016,,,,,,,,0,18
ICCS,2016,CHL,parental_education,2.4867,,,,,,,,0,18
ICCS,2016,DEU,parental_education,2.2774,,,,,,,,0,18
ICCS,2016,DNK,parental_education,2.9967,,,,3.9049,,,-0.9081999999999999,0,18
ICCS,2016,EST,parental_education,3.0016,,,,3.9631,,,-0.9615,0,18
ICCS,2016,FIN,parental_education,3.0407,,,,,,,,0,18
ICCS,2016,HKG,parental_education,2.2902,,,,2.8815,,,-0.5912999999999999,0,18
ICCS,2016,HRV,parental_education,2.7025,,,,,,,,0,18
ICCS,2016,KOR,parental_education,3.3565,,,,3.9247,,,-0.5682,0,18
ICCS,2016,LTU,parental_education,3.2023,,,,3.8093,,,-0.6069999999999998,0,18
ICCS,2016,LVA,parental_education,3.126,,,,3.9873,,,-0.8613,0,18
ICCS,2016,MEX,parental_education,1.9398,,,,,,,,0,18
ICCS,2016,MLT,parental_education,2.338,,,,,,,,0,18
ICCS,2016,NLD,parental_education,2.8118,,,,3.6401,,,-0.8283,0,18
ICCS,2016,NOR,parental_education,3.4281,,,,4.2347,,,-0.8066,0,18
ICCS,2016,RUS,parental_education,3.3081,,,,,,,,0,18
ICCS,2016,SVN,parental_education,3.0382,,,,3.9242,,,-0.8860000000000001,0,18
ICCS,2016,TWN,parental_education,2.7444,,,,3.451,,,-0.7065999999999999,0,18
ICCS,2016,BEL,ses_composite,-0.0002,,,,,,,,0,18
ICCS,2016,CHL,ses_composite,-0.0001,,,,,,,,0,18
ICCS,2016,DEU,ses_composite,0.0002,,,,,,,,0,18
ICCS,2016,DNK,ses_composite,0.0,,,,0.0,,,0.0,0,18
ICCS,2016,EST,ses_composite,-0.0001,,,,0.0,,,-0.0001,0,18
ICCS,2016,FIN,ses_composite,-0.0,,,,,,,,0,18
ICCS,2016,HKG,ses_composite,-0.0,,,,-0.0,,,0.0,0,18
ICCS,2016,HRV,ses_composite,-0.0001,,,,,,,,0,18
ICCS,2016,KOR,ses_composite,0.0002,,,,-0.0,,,0.0002,0,18
ICCS,2016,LTU,ses_composite,-0.0002,,,,0.0,,,-0.0002,0,18
ICCS,2016,LVA,ses_composite,-0.0,,,,-0.0,,,0.0,0,18
ICCS,2016,MEX,ses_composite,0.0,,,,,,,,0,18
ICCS,2016,MLT,ses_composite,-0.0,,,,,,,,0,18
ICCS,2016,NLD,ses_composite,-0.0001,,,,-0.0,,,-0.0001,0,18
ICCS,2016,NOR,ses_composite,-0.002,,,,-0.0,,,-0.002,0,18
ICCS,2016,RUS,ses_composite,-0.0002,,,,,,,,0,18
ICCS,2016,SVN,ses_composite,-0.0001,,,,-0.0,,,-0.0001,0,18
ICCS,2016,TWN,ses_composite,-0.0002,,,,0.0,,,-0.0002,0,18
ICILS,2018,DEU,computer_literacy,518.2645,0.9058,,,523.4728,,,-5.208300000000008,0,3
ICILS,2018,DNK,computer_literacy,514.6741,0.667,,,541.5106,,,-26.8365,0,3
ICILS,2018,KOR,computer_literacy,542.0843,0.7866,,,535.9914,,,6.092899999999986,0,3
ICILS,2023,DEU,computer_literacy,501.8373,0.6889,523.0373,523.0373,518.2645,-21.199999999999932,-21.199999999999932,-16.42719999999997,3,10
ICILS,2023,DNK,computer_literacy,484.7139,1.0355,521.3367,521.3367,514.6741,-36.62279999999993,-36.62279999999993,-29.96019999999993,3,10
ICILS,2023,FIN,computer_literacy,506.6932,0.3779,518.1019,518.1019,530.6594,-11.40870000000001,-11.40870000000001,-23.966200000000015,3,10
ICILS,2023,FRA,computer_literacy,497.6354,0.2938,516.405,516.405,498.7139,-18.76959999999997,-18.76959999999997,-1.0785000000000196,3,10
ICILS,2023,ITA,computer_literacy,490.5434,0.4627,533.4725,533.4725,461.0194,-42.92909999999995,-42.92909999999995,29.524,3,10
ICILS,2023,KAZ,computer_literacy,406.9882,0.5772,536.6022,536.6022,395.1586,-129.61400000000003,-129.61400000000003,11.829600000000028,3,10
ICILS,2023,KOR,computer_literacy,540.3995,0.2746,535.4633,535.4633,542.0843,4.936199999999985,4.936199999999985,-1.6847999999999956,3,10
ICILS,2023,LUX,computer_literacy,493.6714,0.2051,534.5689,534.5689,481.7651,-40.89749999999998,-40.89749999999998,11.906299999999987,3,10
ICILS,2023,PRT,computer_literacy,509.7129,0.677,511.9474,511.9474,516.4711,-2.2345000000000255,-2.2345000000000255,-6.758199999999988,3,10
ICILS,2023,USA,computer_literacy,481.6374,0.586,514.2991,514.2991,518.9319,-32.66169999999994,-32.66169999999994,-37.29450000000003,3,10
ICILS,2018,DEU,home_literacy_activities,2.4301,0.0,,,2.4752,,,-0.04510000000000014,0,3
ICILS,2018,DNK,home_literacy_activities,2.3093,0.0,,,2.2643,,,0.04499999999999993,0,3
ICILS,2018,KOR,home_literacy_activities,2.8949,0.0,,,2.8671,,,0.027799999999999603,0,3
ICILS,2023,DEU,home_literacy_activities,2.2166,0.0,2.5326,2.5326,2.4301,-0.31599999999999984,-0.31599999999999984,-0.2134999999999998,3,10
ICILS,2023,DNK,home_literacy_activities,2.0984,0.0,2.4987,2.4987,2.3093,-0.4003000000000001,-0.4003000000000001,-0.2109000000000001,3,10
ICILS,2023,FIN,home_literacy_activities,2.111,0.0,2.3905,2.3905,2.1832,-0.27949999999999964,-0.27949999999999964,-0.0721999999999996,3,10
ICILS,2023,FRA,home_literacy_activities,1.9949,0.0,2.4054,2.4054,1.871,-0.4105000000000003,-0.4105000000000003,0.1238999999999999,3,10
ICILS,2023,ITA,home_literacy_activities,2.0663,0.0,2.8312,2.8312,2.133,-0.7648999999999999,-0.7648999999999999,-0.06669999999999998,3,10
ICILS,2023,KAZ,home_literacy_activities,1.2099,0.0,2.9841,2.9841,1.4907,-1.7742000000000002,-1.7742000000000002,-0.28079999999999994,3,10
ICILS,2023,KOR,home_literacy_activities,2.5371,0.0,2.7481,2.7481,2.8949,-0.21099999999999985,-0.21099999999999985,-0.3577999999999997,3,10
ICILS,2023,LUX,home_literacy_activities,2.2762,0.0,2.8242,2.8242,2.3664,-0.548,-0.548,-0.09020000000000028,3,10
ICILS,2023,PRT,home_literacy_activities,1.7924,0.0,2.2918,2.2918,1.98,-0.49939999999999984,-0.49939999999999984,-0.1876,3,10
ICILS,2023,USA,home_literacy_activities,1.7674,0.0,2.3265,2.3265,1.9487,-0.5590999999999997,-0.5590999999999997,-0.18130000000000002,3,10
ICILS,2018,DEU,parental_education,2.2525,0.0,,,2.0703,,,0.18219999999999992,0,3
ICILS,2018,DNK,parental_education,2.3494,0.0,,,2.7778,,,-0.4283999999999999,0,3
ICILS,2018,KOR,parental_education,3.5153,0.0,,,3.2467,,,0.26859999999999973,0,3
ICILS,2023,DEU,parental_education,2.2159,0.0,2.4527,2.4527,2.2525,-0.23680000000000012,-0.23680000000000012,-0.036599999999999966,3,10
ICILS,2023,DNK,parental_education,2.2998,0.0,2.3665,2.3665,2.3494,-0.06669999999999998,-0.06669999999999998,-0.04960000000000031,3,10
ICILS,2023,FIN,parental_education,3.3462,0.0,2.45,2.45,3.2376,0.8961999999999999,0.8961999999999999,0.10860000000000003,3,10
ICILS,2023,FRA,parental_education,2.9105,0.0,2.0886,2.0886,2.7748,0.8218999999999999,0.8218999999999999,0.13569999999999993,3,10
ICILS,2023,ITA,parental_education,2.5912,0.0,2.4681,2.4681,2.6207,0.12309999999999999,0.12309999999999999,-0.029499999999999638,3,10
ICILS,2023,KAZ,parental_education,2.8674,0.0,2.1142,2.1142,2.8974,0.7532000000000001,0.7532000000000001,-0.03000000000000025,3,10
ICILS,2023,KOR,parental_education,3.4363,0.0,3.2639,3.2639,3.5153,0.1724000000000001,0.1724000000000001,-0.07899999999999974,3,10
ICILS,2023,LUX,parental_education,2.9588,0.0,2.6868,2.6868,2.7661,0.27200000000000024,0.27200000000000024,0.19270000000000032,3,10
ICILS,2023,PRT,parental_education,2.6162,0.0,2.003,2.003,2.348,0.6132,0.6132,0.2682000000000002,3,10
ICILS,2023,USA,parental_education,2.9816,0.0,2.1905,2.1905,3.0766,0.7910999999999997,0.7910999999999997,-0.0950000000000002,3,10
ICILS,2018,DEU,ses_composite,-0.0,0.0,,,-0.0001,,,0.0001,0,3
ICILS,2018,DNK,ses_composite,-0.0,0.0,,,-0.0,,,0.0,0,3
ICILS,2018,KOR,ses_composite,0.0,0.0,,,0.0002,,,-0.0002,0,3
ICILS,2023,DEU,ses_composite,49.1229,0.0,0.0,0.0,-0.0,49.1229,49.1229,49.1229,3,10
ICILS,2023,DNK,ses_composite,48.7399,0.0,0.0,0.0,-0.0,48.7399,48.7399,48.7399,3,10
ICILS,2023,FIN,ses_composite,52.5812,0.0,0.0,0.0,0.0,52.5812,52.5812,52.5812,3,10
ICILS,2023,FRA,ses_composite,49.9136,0.0,0.0,0.0,0.0,49.9136,49.9136,49.9136,3,10
ICILS,2023,ITA,ses_composite,47.6863,0.0,0.0,0.0,-0.0,47.6863,47.6863,47.6863,3,10
ICILS,2023,KAZ,ses_composite,51.118,0.0,0.0,0.0,0.0,51.118,51.118,51.118,3,10
ICILS,2023,KOR,ses_composite,50.1565,0.0,0.0,0.0,0.0,50.1565,50.1565,50.1565,3,10
ICILS,2023,LUX,ses_composite,51.0834,0.0,0.0,0.0,0.0,51.0834,51.0834,51.0834,3,10
ICILS,2023,PRT,ses_composite,50.2456,0.0,0.0,0.0,-0.0,50.2456,50.2456,50.2456,3,10
ICILS,2023,USA,ses_composite,50.5801,0.0,0.0,0.0,0.0,50.5801,50.5801,50.5801,3,10
PIAAC,2017,AUT,gender,1.4984,0.0,,,,,,,0,21
PIAAC,2017,CAN,gender,1.4988,0.0,,,1.5003,,,-0.0015000000000000568,0,21
PIAAC,2017,CHE,gender,1.496,0.0001,,,,,,,0,21
PIAAC,2017,CHL,gender,1.5,0.0,,,1.5005,,,-0.0004999999999999449,0,21
PIAAC,2017,CZE,gender,1.4909,0.0,,,1.4959,,,-0.0050000000000001155,0,21
PIAAC,2017,DEU,gender,1.4945,0.0,,,,,,,0,21
PIAAC,2017,FIN,gender,1.4922,0.0007,,,1.4971,,,-0.0049000000000001265,0,21
PIAAC,2017,FRA,gender,1.5079,0.0001,,,1.5112,,,-0.0033000000000000806,0,21
PIAAC,2017,GBR,gender,1.5078,0.0,,,1.5014,,,0.006399999999999961,0,21
PIAAC,2017,HUN,gender,1.4983,0.0,,,,,,,0,21
PIAAC,2017,IRL,gender,1.5059,0.0,,,1.509,,,-0.0030999999999998806,0,21
PIAAC,2017,JPN,gender,1.492,0.0002,,,1.4973,,,-0.005300000000000082,0,21
PIAAC,2017,LTU,gender,1.5128,0.0,,,1.5182,,,-0.005400000000000071,0,21
PIAAC,2017,NOR,gender,1.4886,0.0019,,,1.4887,,,-9.999999999998899e-05,0,21
PIAAC,2017,NZL,gender,1.5028,0.0008,,,1.5156,,,-0.012800000000000145,0,21
PIAAC,2017,POL,gender,1.5043,0.0,,,1.5053,,,-0.001000000000000112,0,21
PIAAC,2017,PRT,gender,1.515,0.0,,,,,,,0,21
PIAAC,2017,SGP,gender,1.5092,0.0,,,1.5064,,,0.0028000000000001357,0,21
PIAAC,2017,SVK,gender,1.493,0.0,,,1.5002,,,-0.007199999999999873,0,21
PIAAC,2017,SWE,gender,1.4878,0.0006,,,1.4927,,,-0.004899999999999904,0,21
PIAAC,2017,USA,gender,1.5009,0.0,,,,,,,0,21
PIAAC,2017,AUT,literacy,254.3698,0.6429,,,,,,,0,21
PIAAC,2017,CAN,literacy,270.7703,0.6556,,,273.3364,,,-2.566100000000006,0,21
PIAAC,2017,CHE,literacy,266.3168,0.5466,,,,,,,0,21
PIAAC,2017,CHL,literacy,217.8899,0.9612,,,220.1467,,,-2.2567999999999984,0,21
PIAAC,2017,CZE,literacy,260.2056,0.728,,,274.0117,,,-13.806100000000015,0,21
PIAAC,2017,DEU,literacy,266.0916,0.5887,,,,,,,0,21
PIAAC,2017,FIN,literacy,296.4686,0.9158,,,287.5457,,,8.92289999999997,0,21
PIAAC,2017,FRA,literacy,254.8042,0.2164,,,262.1391,,,-7.334899999999976,0,21
PIAAC,2017,GBR,literacy,271.6069,0.7522,,,272.457,,,-0.8500999999999976,0,21
PIAAC,2017,HUN,literacy,248.4591,0.7441,,,,,,,0,21
PIAAC,2017,IRL,literacy,262.7613,0.7433,,,266.5448,,,-3.7835000000000036,0,21
PIAAC,2017,JPN,literacy,289.1969,0.6519,,,296.2423,,,-7.045399999999972,0,21
PIAAC,2017,LTU,literacy,238.2995,0.7628,,,266.8238,,,-28.52430000000001,0,21
PIAAC,2017,NOR,literacy,280.8404,0.7347,,,278.4252,,,2.4151999999999703,0,21
PIAAC,2017,NZL,literacy,259.575,1.4637,,,280.6729,,,-21.09790000000004,0,21
PIAAC,2017,POL,literacy,235.7269,0.8497,,,266.9038,,,-31.17689999999999,0,21
PIAAC,2017,PRT,literacy,234.7294,1.0007,,,,,,,0,21
PIAAC,2017,SGP,literacy,254.5404,0.5475,,,257.6205,,,-3.0800999999999874,0,21
PIAAC,2017,SVK,literacy,253.9323,0.8841,,,273.8456,,,-19.913299999999992,0,21
PIAAC,2017,SWE,literacy,284.0827,0.7412,,,279.2308,,,4.8519000000000005,0,21
PIAAC,2017,USA,literacy,258.2085,0.8109,,,,,,,0,21
PIAAC,2017,AUT,numeracy,267.0446,0.702,,,,,,,0,21
PIAAC,2017,CAN,numeracy,270.6949,0.6686,,,265.2403,,,5.454600000000028,0,21
PIAAC,2017,CHE,numeracy,276.1165,0.5312,,,,,,,0,21
PIAAC,2017,CHL,numeracy,214.3437,1.0409,,,206.059,,,8.284700000000015,0,21
PIAAC,2017,CZE,numeracy,267.28,0.8371,,,275.7338,,,-8.453800000000001,0,21
PIAAC,2017,DEU,numeracy,272.825,0.5355,,,,,,,0,21
PIAAC,2017,FIN,numeracy,293.7699,0.8668,,,282.2266,,,11.543299999999988,0,21
PIAAC,2017,FRA,numeracy,256.5327,0.2506,,,254.192,,,2.34069999999997,0,21
PIAAC,2017,GBR,numeracy,268.3983,0.8365,,,261.7258,,,6.672500000000014,0,21
PIAAC,2017,HUN,numeracy,254.353,0.8439,,,,,,,0,21
PIAAC,2017,IRL,numeracy,259.6955,0.8848,,,255.5904,,,4.105099999999993,0,21
PIAAC,2017,JPN,numeracy,290.8353,0.6392,,,288.1704,,,2.6649000000000456,0,21
PIAAC,2017,LTU,numeracy,245.5529,0.8894,,,267.1988,,,-21.64590000000001,0,21
PIAAC,2017,NOR,numeracy,284.8039,0.6678,,,278.2979,,,6.505999999999972,0,21
PIAAC,2017,NZL,numeracy,255.699,1.49,,,271.1255,,,-15.426499999999976,0,21
PIAAC,2017,POL,numeracy,238.7816,0.8322,,,259.7689,,,-20.987299999999976,0,21
PIAAC,2017,PRT,numeracy,238.1325,1.1593,,,,,,,0,21
PIAAC,2017,SGP,numeracy,274.1033,0.5794,,,257.4188,,,16.684500000000014,0,21
PIAAC,2017,SVK,numeracy,260.6155,0.9009,,,275.8076,,,-15.192099999999982,0,21
PIAAC,2017,SWE,numeracy,285.2091,0.7285,,,279.0524,,,6.156700000000001,0,21
PIAAC,2017,USA,numeracy,248.7533,0.9074,,,,,,,0,21
PIAAC,2017,AUT,parental_education,2.1079,0.0067,,,,,,,0,21
PIAAC,2017,CAN,parental_education,2.3732,0.0084,,,2.1507,,,0.22250000000000014,0,21
PIAAC,2017,CHE,parental_education,2.1794,0.0064,,,,,,,0,21
PIAAC,2017,CHL,parental_education,1.8251,0.0117,,,1.7833,,,0.04179999999999984,0,21
PIAAC,2017,CZE,parental_education,2.2019,0.0061,,,2.0485,,,0.15339999999999998,0,21
PIAAC,2017,DEU,parental_education,2.3036,0.0068,,,,,,,0,21
PIAAC,2017,FIN,parental_education,2.1383,0.0078,,,1.8045,,,0.3338000000000001,0,21
PIAAC,2017,FRA,parental_education,1.9969,0.0011,,,1.7392,,,0.2576999999999998,0,21
PIAAC,2017,GBR,parental_education,2.1306,0.0098,,,1.9744,,,0.1561999999999999,0,21
PIAAC,2017,HUN,parental_education,1.9935,0.007,,,,,,,0,21
PIAAC,2017,IRL,parental_education,2.049,0.0106,,,1.7192,,,0.32979999999999987,0,21
PIAAC,2017,JPN,parental_education,2.3252,0.0072,,,2.09,,,0.2352000000000003,0,21
PIAAC,2017,LTU,parental_education,2.2156,0.0091,,,2.0964,,,0.11919999999999975,0,21
PIAAC,2017,NOR,parental_education,2.2978,0.0072,,,2.0809,,,0.21689999999999987,0,21
PIAAC,2017,NZL,parental_education,2.1951,0.0178,,,2.0396,,,0.15549999999999997,0,21
PIAAC,2017,POL,parental_education,1.9519,0.006,,,1.8627,,,0.08919999999999995,0,21
PIAAC,2017,PRT,parental_education,1.5241,0.0123,,,,,,,0,21
PIAAC,2017,SGP,parental_education,1.8685,0.0066,,,1.6846,,,0.18389999999999995,0,21
PIAAC,2017,SVK,parental_education,2.0029,0.0075,,,1.845,,,0.15789999999999993,0,21
PIAAC,2017,SWE,parental_education,2.2617,0.01,,,1.9698,,,0.2918999999999998,0,21
PIAAC,2017,USA,parental_education,2.3524,0.0101,,,,,,,0,21
PIRLS,2006,CQU,reading,532.9081,2.7079,,,537.2443,,,-4.3361999999999625,0,19
PIRLS,2006,DEU,reading,547.5908,2.168,,,539.0901,,,8.500699999999938,0,19
PIRLS,2006,FRA,reading,521.5935,2.0379,,,525.1702,,,-3.5767000000000735,0,19
PIRLS,2006,HKG,reading,563.9113,2.4158,,,527.8711,,,36.04020000000003,0,19
PIRLS,2006,ISL,reading,510.5973,1.2964,,,512.4169,,,-1.8196000000000367,0,19
PIRLS,2006,ISR,reading,512.4622,3.2821,,,508.9392,,,3.5230000000000246,0,19
PIRLS,2006,ITA,reading,551.4682,2.94,,,540.7288,,,10.739400000000046,0,19
PIRLS,2006,LTU,reading,537.0325,1.6809,,,543.3865,,,-6.353999999999928,0,19
PIRLS,2006,LVA,reading,540.9115,2.3492,,,544.607,,,-3.6954999999999245,0,19
PIRLS,2006,MAR,reading,322.5801,6.1754,,,349.5113,,,-26.93119999999999,0,19
PIRLS,2006,MDA,reading,499.8838,2.943,,,491.7428,,,8.14100000000002,0,19
PIRLS,2006,MKD,reading,442.3955,4.055,,,441.5864,,,0.8091000000000008,0,19
PIRLS,2006,NLD,reading,547.1517,1.5273,,,554.2088,,,-7.057099999999991,0,19
PIRLS,2006,NOR,reading,498.008,2.5944,,,499.1794,,,-1.1714000000000055,0,19
PIRLS,2006,NZL,reading,531.7151,2.1203,,,528.8238,,,2.891300000000001,0,19
PIRLS,2006,RUS,reading,564.7436,3.3787,,,527.9335,,,36.810100000000034,0,19
PIRLS,2006,SVK,reading,530.8146,2.7857,,,518.0873,,,12.727300000000014,0,19
PIRLS,2006,SVN,reading,521.5314,2.1305,,,501.5179,,,20.013499999999965,0,19
PIRLS,2006,USA,reading,539.9249,3.4415,,,542.149,,,-2.2241000000000213,0,19
PIRLS,2011,AUS,reading,527.372,2.3241,516.696,516.696,,10.67599999999993,10.67599999999993,,19,29
PIRLS,2011,AUT,reading,528.8756,1.9481,545.835,545.835,538.2962,-16.959400000000073,-16.959400000000073,-9.420600000000036,19,29
PIRLS,2011,AZE,reading,462.3037,3.327,516.696,516.696,,-54.392300000000034,-54.392300000000034,,19,29
PIRLS,2011,BGR,reading,531.8315,4.1165,516.696,516.696,,15.135499999999979,15.135499999999979,,19,29
PIRLS,2011,CAN,reading,548.417,1.6268,516.696,516.696,,31.721000000000004,31.721000000000004,,19,29
PIRLS,2011,COL,reading,451.2458,3.9922,516.696,516.696,,-65.45020000000005,-65.45020000000005,,19,29
PIRLS,2011,CQU,reading,537.6108,2.1567,539.7895,539.7895,532.9081,-2.1786999999999352,-2.1786999999999352,4.70270000000005,19,29
PIRLS,2011,DEU,reading,541.0117,2.2542,556.2637,556.2637,547.5908,-15.251999999999953,-15.251999999999953,-6.579099999999926,19,29
PIRLS,2011,DNK,reading,553.9936,1.7046,516.696,516.696,,37.29759999999999,37.29759999999999,,19,29
PIRLS,2011,FIN,reading,567.8705,1.8477,516.696,516.696,,51.174499999999966,51.174499999999966,,19,29
PIRLS,2011,FRA,reading,520.0006,2.6661,527.0943,527.0943,521.5935,-7.0937000000000126,-7.0937000000000126,-1.592899999999986,19,29
PIRLS,2011,GEO,reading,487.7557,3.0776,470.143,470.143,470.8356,17.612700000000018,17.612700000000018,16.92009999999999,19,29
PIRLS,2011,HKG,reading,570.5426,2.2642,574.5756,574.5756,563.9113,-4.0330000000000155,-4.0330000000000155,6.63130000000001,19,29
PIRLS,2011,HRV,reading,553.0401,1.8265,516.696,516.696,,36.344100000000026,36.344100000000026,,19,29
PIRLS,2011,IDN,reading,428.4828,4.2673,516.696,516.696,,-88.21320000000003,-88.21320000000003,,19,29
PIRLS,2011,IRL,reading,551.6044,2.2729,516.696,516.696,,34.90840000000003,34.90840000000003,,19,29
PIRLS,2011,ISR,reading,540.9207,2.6956,516.8488,516.8488,512.4622,24.071900000000028,24.071900000000028,28.458499999999958,19,29
PIRLS,2011,KWT,reading,419.071,5.1922,312.46,312.46,330.3003,106.61100000000005,106.61100000000005,88.77070000000003,19,29
PIRLS,2011,LTU,reading,528.2289,1.9834,544.4171,544.4171,537.0325,-16.18820000000005,-16.18820000000005,-8.803600000000074,19,29
PIRLS,2011,NLD,reading,546.0583,2.0143,555.771,555.771,547.1517,-9.712699999999927,-9.712699999999927,-1.0933999999999742,19,29
PIRLS,2011,POL,reading,525.5726,2.1048,524.6211,524.6211,519.3893,0.95150000000001,0.95150000000001,6.183299999999917,19,29
PIRLS,2011,PRT,reading,540.8366,2.5379,516.696,516.696,,24.14059999999995,24.14059999999995,,19,29
PIRLS,2011,RUS,reading,568.4185,2.7278,575.5094,575.5094,564.7436,-7.090900000000033,-7.090900000000033,3.6748999999999796,19,29
PIRLS,2011,SGP,reading,567.2845,3.2885,568.2491,568.2491,558.2728,-0.9646000000000186,-0.9646000000000186,9.011700000000019,19,29
PIRLS,2011,SVK,reading,535.0846,2.7378,537.4405,537.4405,530.8146,-2.3559000000000196,-2.3559000000000196,4.269999999999982,19,29
PIRLS,2011,SVN,reading,530.3203,1.9783,527.0246,527.0246,521.5314,3.2957000000000107,3.2957000000000107,8.788900000000012,19,29
PIRLS,2011,SWE,reading,541.6749,2.1241,516.696,516.696,,24.978899999999953,24.978899999999953,,19,29
PIRLS,2011,TTO,reading,470.85,3.7958,430.5943,430.5943,435.5877,40.25570000000005,40.25570000000005,35.26230000000004,19,29
PIRLS,2011,USA,reading,556.3746,1.5689,547.6624,547.6624,539.9249,8.712199999999939,8.712199999999939,16.449700000000007,19,29
PIRLS,2016,AAD,reading,414.3079,4.7116,449.9818,449.9818,424.2648,-35.6739,-35.6739,-9.956899999999962,48,33
PIRLS,2016,ADU,reading,514.992,1.8998,521.8725,521.8725,,-6.880499999999984,-6.880499999999984,,48,33
PIRLS,2016,ARE,reading,450.1036,3.2335,461.4519,461.4519,438.5933,-11.348300000000052,-11.348300000000052,11.510299999999972,48,33
PIRLS,2016,AUS,reading,544.3601,2.5329,532.5204,532.5204,527.372,11.839699999999993,11.839699999999993,16.98810000000003,48,33
PIRLS,2016,AUT,reading,540.7961,2.3805,533.7241,533.7241,528.8756,7.072000000000003,7.072000000000003,11.920500000000061,48,33
PIRLS,2016,AZE,reading,472.2769,4.177,480.4324,480.4324,462.3037,-8.155499999999961,-8.155499999999961,9.97320000000002,48,33
PIRLS,2016,BFL,reading,525.0589,1.9371,521.8725,521.8725,,3.1864000000000487,3.1864000000000487,,48,33
PIRLS,2016,BGR,reading,551.5391,4.2437,536.0903,536.0903,531.8315,15.448800000000006,15.448800000000006,19.707599999999957,48,33
PIRLS,2016,BHR,reading,445.9995,2.3245,521.8725,521.8725,,-75.87299999999993,-75.87299999999993,,48,33
PIRLS,2016,COT,reading,543.5816,3.2056,552.1098,552.1098,551.843,-8.52819999999997,-8.52819999999997,-8.26139999999998,48,33
PIRLS,2016,CQU,reading,547.4221,2.8424,540.7167,540.7167,537.6108,6.705400000000054,6.705400000000054,9.81129999999996,48,33
PIRLS,2016,DEU,reading,537.3254,3.1704,543.4392,543.4392,541.0117,-6.113800000000083,-6.113800000000083,-3.686300000000074,48,33
PIRLS,2016,DNK,reading,547.4924,2.1138,553.8313,553.8313,553.9936,-6.338900000000081,-6.338900000000081,-6.50120000000004,48,33
PIRLS,2016,EAN,reading,524.584,2.0845,522.5338,522.5338,514.8967,2.0501999999999043,2.0501999999999043,9.687299999999937,48,33
PIRLS,2016,FIN,reading,566.007,1.844,564.94,564.94,567.8705,1.0669999999998936,1.0669999999998936,-1.8635000000000446,48,33
PIRLS,2016,FRA,reading,511.244,2.1762,526.6195,526.6195,520.0006,-15.375499999999988,-15.375499999999988,-8.756599999999935,48,33
PIRLS,2016,GEO,reading,488.3194,2.8077,500.8071,500.8071,487.7557,-12.487700000000018,-12.487700000000018,0.563699999999983,48,33
PIRLS,2016,IRL,reading,566.5963,2.4778,551.9188,551.9188,551.6044,14.677500000000009,14.677500000000009,14.991899999999987,48,33
PIRLS,2016,IRN,reading,431.057,3.8807,521.8725,521.8725,,-90.81549999999993,-90.81549999999993,,48,33
PIRLS,2016,ISR,reading,530.2877,2.5405,543.3663,543.3663,540.9207,-13.078600000000051,-13.078600000000051,-10.633000000000038,48,33
PIRLS,2016,ITA,reading,548.0069,2.1828,521.8725,521.8725,,26.134400000000028,26.134400000000028,,48,33
PIRLS,2016,KAZ,reading,536.0463,2.4831,521.8725,521.8725,,14.173800000000028,14.173800000000028,,48,33
PIRLS,2016,MAR,reading,349.255,4.266,521.8725,521.8725,,-172.61749999999995,-172.61749999999995,,48,33
PIRLS,2016,NIR,reading,564.6207,2.2141,557.4002,557.4002,558.4518,7.2205000000000155,7.2205000000000155,6.168900000000008,48,33
PIRLS,2016,NLD,reading,544.8837,1.6741,547.479,547.479,546.0583,-2.5953000000000657,-2.5953000000000657,-1.174600000000055,48,33
PIRLS,2016,NOR,reading,558.9496,2.2583,521.8725,521.8725,,37.07710000000009,37.07710000000009,,48,33
PIRLS,2016,NZL,reading,522.5312,2.1774,521.8725,521.8725,,0.6587000000000671,0.6587000000000671,,48,33
PIRLS,2016,PRT,reading,527.7969,2.2798,543.299,543.299,540.8366,-15.502099999999928,-15.502099999999928,-13.039699999999925,48,33
PIRLS,2016,QAT,reading,442.2461,1.8478,521.8725,521.8725,,-79.62639999999993,-79.62639999999993,,48,33
PIRLS,2016,RUS,reading,580.7725,2.2013,565.3787,565.3787,568.4185,15.393800000000056,15.393800000000056,12.354000000000042,48,33
PIRLS,2016,SAU,reading,430.2995,4.192,454.4529,454.4529,429.8501,-24.153399999999976,-24.153399999999976,0.44940000000002556,48,33
PIRLS,2016,SVK,reading,534.7911,3.1175,538.6944,538.6944,535.0846,-3.9032999999999447,-3.9032999999999447,-0.29349999999999454,48,33
PIRLS,2016,SWE,reading,555.1602,2.3968,543.9701,543.9701,541.6749,11.19010000000003,11.19010000000003,13.485300000000052,48,33
PIRLS,2021,AAD,reading,439.5624,3.5283,450.2525,450.2525,414.3079,-10.690099999999973,-10.690099999999973,25.254500000000007,81,38
PIRLS,2021,ADU,reading,551.8599,1.5005,517.1151,517.1151,514.992,34.744800000000055,34.744800000000055,36.86790000000008,81,38
PIRLS,2021,AUS,reading,540.1345,2.2101,536.618,536.618,544.3601,3.516499999999951,3.516499999999951,-4.225599999999986,81,38
PIRLS,2021,AUT,reading,529.763,2.1715,534.2512,534.2512,540.7961,-4.488200000000006,-4.488200000000006,-11.03309999999999,81,38
PIRLS,2021,AZE,reading,440.2748,3.5924,488.7487,488.7487,472.2769,-48.47389999999996,-48.47389999999996,-32.002099999999984,81,38
PIRLS,2021,BFL,reading,506.6666,2.1044,523.8004,523.8004,525.0589,-17.13379999999995,-17.13379999999995,-18.392299999999977,81,38
PIRLS,2021,BFR,reading,494.2658,2.6576,505.496,505.496,497.4955,-11.230199999999968,-11.230199999999968,-3.22969999999998,81,38
PIRLS,2021,BGR,reading,539.8938,3.0126,541.3854,541.3854,551.5391,-1.4915999999999485,-1.4915999999999485,-11.645299999999907,81,38
PIRLS,2021,BHR,reading,458.3948,2.87,471.2984,471.2984,445.9995,-12.90360000000004,-12.90360000000004,12.395299999999963,81,38
PIRLS,2021,CQU,reading,551.0024,2.7305,538.6514,538.6514,547.4221,12.350999999999999,12.350999999999999,3.5802999999999656,81,38
PIRLS,2021,CZE,reading,542.5968,1.9974,535.946,535.946,543.3482,6.650800000000004,6.650800000000004,-0.7513999999999896,81,38
PIRLS,2021,DEU,reading,523.9744,2.1253,531.9463,531.9463,537.3254,-7.971900000000005,-7.971900000000005,-13.350999999999999,81,38
PIRLS,2021,DNK,reading,539.235,2.2305,538.6981,538.6981,547.4924,0.5369000000000597,0.5369000000000597,-8.257399999999961,81,38
PIRLS,2021,ESP,reading,516.9008,2.3796,525.5806,525.5806,527.7396,-8.6798,-8.6798,-10.838799999999992,81,38
PIRLS,2021,FIN,reading,549.3,2.403,550.9933,550.9933,566.007,-1.693300000000022,-1.693300000000022,-16.706999999999994,81,38
PIRLS,2021,FRA,reading,513.7371,2.5442,514.6261,514.6261,511.244,-0.8889999999998963,-0.8889999999998963,2.4931000000000267,81,38
PIRLS,2021,GEO,reading,494.0261,2.6006,499.4023,499.4023,488.3194,-5.37620000000004,-5.37620000000004,5.706700000000012,81,38
PIRLS,2021,HKG,reading,572.821,2.7388,518.5011,518.5011,,54.319900000000075,54.319900000000075,,81,38
PIRLS,2021,HRV,reading,553.0778,4.8276,518.5011,518.5011,,34.57670000000007,34.57670000000007,,81,38
PIRLS,2021,IRN,reading,412.7746,4.8786,461.3753,461.3753,431.057,-48.60069999999996,-48.60069999999996,-18.282399999999996,81,38
PIRLS,2021,ISR,reading,509.3351,2.447,527.2727,527.2727,530.2877,-17.937599999999975,-17.937599999999975,-20.95259999999996,81,38
PIRLS,2021,ITA,reading,541.0125,1.8871,539.0398,539.0398,548.0069,1.9727000000000317,1.9727000000000317,-6.994399999999928,81,38
PIRLS,2021,KAZ,reading,504.4283,2.3465,531.0969,531.0969,536.0463,-26.668600000000026,-26.668600000000026,-31.617999999999995,81,38
PIRLS,2021,LTU,reading,552.2204,2.2658,518.5011,518.5011,,33.71930000000009,33.71930000000009,,81,38
PIRLS,2021,LVA,reading,527.6827,2.6074,545.5106,545.5106,557.7509,-17.8279,-17.8279,-30.068200000000047,81,38
PIRLS,2021,MLT,reading,498.8876,7.8812,518.5011,518.5011,,-19.61349999999993,-19.61349999999993,,81,38
PIRLS,2021,NIR,reading,565.9341,2.5103,550.0727,550.0727,564.6207,15.86139999999989,15.86139999999989,1.3133999999998878,81,38
PIRLS,2021,NLD,reading,527.2375,2.5164,536.9657,536.9657,544.8837,-9.728200000000015,-9.728200000000015,-17.64620000000002,81,38
PIRLS,2021,NOR,reading,531.1567,2.1537,546.3066,546.3066,558.9496,-15.149900000000002,-15.149900000000002,-27.79290000000003,81,38
PIRLS,2021,NZL,reading,519.0023,2.5368,522.1218,522.1218,522.5312,-3.1195000000000164,-3.1195000000000164,-3.5289000000000215,81,38
PIRLS,2021,PRT,reading,519.7634,2.2639,525.6186,525.6186,527.7969,-5.855199999999968,-5.855199999999968,-8.033500000000004,81,38
PIRLS,2021,QAT,reading,484.7257,3.748,468.8058,468.8058,442.2461,15.919900000000041,15.919900000000041,42.479600000000005,81,38
PIRLS,2021,RMO,reading,603.0469,2.122,581.5922,581.5922,612.0839,21.454700000000003,21.454700000000003,-9.03699999999992,81,38
PIRLS,2021,RUS,reading,570.9169,2.5169,560.7988,560.7988,580.7725,10.118100000000027,10.118100000000027,-9.855599999999981,81,38
PIRLS,2021,SAU,reading,448.5494,3.5966,460.8723,460.8723,430.2995,-12.322900000000004,-12.322900000000004,18.24989999999997,81,38
PIRLS,2021,SVN,reading,519.6575,1.8577,518.5011,518.5011,,1.156400000000076,1.156400000000076,,81,38
PIRLS,2021,SWE,reading,539.8389,2.3577,543.7901,543.7901,555.1602,-3.9512000000000853,-3.9512000000000853,-15.321300000000065,81,38
PIRLS,2021,TWN,reading,559.3303,3.2226,518.5011,518.5011,,40.829200000000014,40.829200000000014,,81,38
PISA,2006,AUS,mathematics,519.9077,2.2278,,,524.266,,,-4.358299999999986,0,47
PISA,2006,AUT,mathematics,505.4836,3.7158,,,505.611,,,-0.12739999999996598,0,47
PISA,2006,BEL,mathematics,520.349,2.9368,,,529.2864,,,-8.937399999999911,0,47
PISA,2006,BGR,mathematics,413.4492,6.1127,,,,,,,0,47
PISA,2006,BRA,mathematics,369.515,2.9007,,,356.0158,,,13.499199999999973,0,47
PISA,2006,CAN,mathematics,527.0072,1.9462,,,532.4867,,,-5.47950000000003,0,47
PISA,2006,CHE,mathematics,529.6561,3.1338,,,526.5531,,,3.1030000000000655,0,47
PISA,2006,CHL,mathematics,411.3503,4.5629,,,,,,,0,47
PISA,2006,CZE,mathematics,509.8594,3.5128,,,516.455,,,-6.595600000000047,0,47
PISA,2006,DEU,mathematics,503.7909,3.8478,,,502.9855,,,0.8054000000000201,0,47
PISA,2006,DNK,mathematics,513.0259,2.5858,,,514.2877,,,-1.2617999999999938,0,47
PISA,2006,ESP,mathematics,479.9575,2.3155,,,485.1081,,,-5.150599999999997,0,47
PISA,2006,EST,mathematics,514.5755,2.7158,,,,,,,0,47
PISA,2006,FIN,mathematics,548.3584,2.259,,,544.2892,,,4.06919999999991,0,47
PISA,2006,FRA,mathematics,495.5383,3.1466,,,510.7995,,,-15.26120000000003,0,47
PISA,2006,GBR,mathematics,495.4442,2.1189,,,508.2581,,,-12.81389999999999,0,47
PISA,2006,GRC,mathematics,459.202,2.9385,,,444.9119,,,14.290099999999995,0,47
PISA,2006,HKG,mathematics,547.4607,2.6316,,,550.3832,,,-2.9225000000000136,0,47
PISA,2006,HUN,mathematics,490.9374,2.8573,,,490.0124,,,0.9250000000000114,0,47
PISA,2006,IDN,mathematics,391.0068,5.6155,,,360.1588,,,30.848000000000013,0,47
PISA,2006,IRL,mathematics,501.4718,2.7601,,,502.8373,,,-1.3655000000000541,0,47
PISA,2006,ISL,mathematics,505.5448,1.7496,,,515.1087,,,-9.56389999999999,0,47
PISA,2006,ISR,mathematics,441.8587,4.3184,,,,,,,0,47
PISA,2006,ITA,mathematics,461.6887,2.2672,,,465.6642,,,-3.975500000000011,0,47
PISA,2006,JPN,mathematics,523.1025,3.3224,,,534.1365,,,-11.033999999999992,0,47
PISA,2006,KOR,mathematics,547.4585,3.7418,,,542.2274,,,5.231099999999969,0,47
PISA,2006,LIE,mathematics,524.9674,3.8618,,,535.7954,,,-10.827999999999975,0,47
PISA,2006,LTU,mathematics,486.4213,2.8973,,,,,,,0,47
PISA,2006,LUX,mathematics,490.0018,0.9904,,,493.2086,,,-3.206799999999987,0,47
PISA,2006,LVA,mathematics,486.1661,2.9823,,,483.3749,,,2.7911999999999466,0,47
PISA,2006,MAC,mathematics,525.0025,1.2125,,,527.2703,,,-2.2677999999999656,0,47
PISA,2006,MEX,mathematics,405.6546,2.9087,,,385.2183,,,20.436300000000017,0,47
PISA,2006,NLD,mathematics,530.654,2.5622,,,537.8233,,,-7.169300000000021,0,47
PISA,2006,NOR,mathematics,489.8464,2.6057,,,495.1854,,,-5.338999999999999,0,47
PISA,2006,NZL,mathematics,521.9888,2.3571,,,523.4866,,,-1.4977999999999838,0,47
PISA,2006,POL,mathematics,495.4285,2.4143,,,490.2388,,,5.189699999999959,0,47
PISA,2006,PRT,mathematics,466.161,3.044,,,466.0167,,,0.144299999999987,0,47
PISA,2006,RUS,mathematics,475.6791,3.8367,,,468.4067,,,7.272400000000005,0,47
PISA,2006,SVK,mathematics,492.1062,2.7939,,,498.1835,,,-6.07729999999998,0,47
PISA,2006,SVN,mathematics,504.456,0.9515,,,,,,,0,47
PISA,2006,SWE,mathematics,502.3564,2.3749,,,509.0464,,,-6.689999999999998,0,47
PISA,2006,THA,mathematics,417.0726,2.2983,,,416.978,,,0.094600000000014,0,47
PISA,2006,TUN,mathematics,365.4794,3.9297,,,358.7332,,,6.7461999999999875,0,47
PISA,2006,TUR,mathematics,423.9412,4.8802,,,423.4194,,,0.5217999999999847,0,47
PISA,2006,TWN,mathematics,549.3573,4.091,,,,,,,0,47
PISA,2006,URY,mathematics,426.799,2.5477,,,422.1999,,,4.599099999999964,0,47
PISA,2006,USA,mathematics,474.3522,3.9994,,,482.8828,,,-8.530599999999993,0,47
PISA,2009,ARG,mathematics,388.0681,4.0647,394.9873,394.9873,381.2539,-6.919199999999989,-6.919199999999989,6.814200000000028,47,61
PISA,2009,AUS,mathematics,514.3405,2.5135,513.5377,513.5377,519.9077,0.8028000000000475,0.8028000000000475,-5.567199999999957,47,61
PISA,2009,AUT,mathematics,495.9087,2.6217,498.5702,498.5702,505.4836,-2.6614999999999895,-2.6614999999999895,-9.574900000000014,47,61
PISA,2009,AZE,mathematics,430.9753,2.7304,417.5955,417.5955,475.9952,13.379799999999989,13.379799999999989,-45.01990000000001,47,61
PISA,2009,BEL,mathematics,515.2723,2.2312,505.9215,505.9215,520.349,9.350799999999992,9.350799999999992,-5.0767000000000735,47,61
PISA,2009,BGR,mathematics,428.0661,5.8372,424.7164,424.7164,413.4492,3.3496999999999844,3.3496999999999844,14.616899999999987,47,61
PISA,2009,BRA,mathematics,385.8141,2.375,395.8094,395.8094,369.515,-9.995299999999986,-9.995299999999986,16.29910000000001,47,61
PISA,2009,CAN,mathematics,526.8052,1.5909,521.5633,521.5633,527.0072,5.241899999999987,5.241899999999987,-0.20199999999999818,47,61
PISA,2009,CHE,mathematics,533.9606,3.2751,508.8316,508.8316,529.6561,25.12900000000002,25.12900000000002,4.304499999999962,47,61
PISA,2009,CHL,mathematics,421.0605,3.0387,435.3846,435.3846,411.3503,-14.324099999999987,-14.324099999999987,9.710199999999986,47,61
PISA,2009,COL,mathematics,380.8482,3.2183,393.3836,393.3836,369.9785,-12.535399999999981,-12.535399999999981,10.869700000000023,47,61
PISA,2009,CZE,mathematics,492.8141,2.7992,498.6597,498.6597,509.8594,-5.84559999999999,-5.84559999999999,-17.045299999999997,47,61
PISA,2009,DEU,mathematics,512.7776,2.8394,500.605,500.605,503.7909,12.172599999999989,12.172599999999989,8.986699999999985,47,61
PISA,2009,DNK,mathematics,503.2781,2.5654,497.8086,497.8086,513.0259,5.469499999999982,5.469499999999982,-9.747799999999984,47,61
PISA,2009,ESP,mathematics,483.4931,2.0885,476.5281,476.5281,479.9575,6.965000000000032,6.965000000000032,3.535600000000045,47,61
PISA,2009,EST,mathematics,512.1042,2.5287,510.0387,510.0387,514.5755,2.065499999999986,2.065499999999986,-2.471300000000042,47,61
PISA,2009,FIN,mathematics,540.5043,2.1271,541.697,541.697,548.3584,-1.192700000000059,-1.192700000000059,-7.854100000000017,47,61
PISA,2009,FRA,mathematics,496.7823,3.0603,490.2823,490.2823,495.5383,6.5,6.5,1.2440000000000282,47,61
PISA,2009,GBR,mathematics,492.4141,2.3931,497.709,497.709,495.4442,-5.294899999999984,-5.294899999999984,-3.0301000000000045,47,61
PISA,2009,GEO,mathematics,379.4909,2.7395,484.6998,484.6998,,-105.20889999999997,-105.20889999999997,,47,61
PISA,2009,GRC,mathematics,466.0964,3.8508,465.2778,465.2778,459.202,0.8186000000000035,0.8186000000000035,6.894400000000019,47,61
PISA,2009,HKG,mathematics,554.5275,2.6926,532.6389,532.6389,547.4607,21.888599999999997,21.888599999999997,7.0668000000000575,47,61
PISA,2009,HRV,mathematics,459.9389,3.0657,477.9994,477.9994,467.2467,-18.06049999999999,-18.06049999999999,-7.307799999999986,47,61
PISA,2009,HUN,mathematics,490.17,3.4309,489.9438,489.9438,490.9374,0.22620000000000573,0.22620000000000573,-0.7674000000000092,47,61
PISA,2009,IDN,mathematics,371.3009,3.6972,403.6248,403.6248,391.0068,-32.32389999999998,-32.32389999999998,-19.705899999999986,47,61
PISA,2009,IRL,mathematics,487.1364,2.5139,503.4338,503.4338,501.4718,-16.29740000000004,-16.29740000000004,-14.335399999999993,47,61
PISA,2009,ISL,mathematics,506.6692,1.3117,491.4055,491.4055,505.5448,15.263699999999972,15.263699999999972,1.12439999999998,47,61
PISA,2009,ISR,mathematics,446.8638,3.2503,448.8124,448.8124,441.8587,-1.948599999999999,-1.948599999999999,5.005100000000027,47,61
PISA,2009,ITA,mathematics,482.9085,1.8445,468.8856,468.8856,461.6887,14.022899999999993,14.022899999999993,21.21980000000002,47,61
PISA,2009,JOR,mathematics,386.6638,3.6951,411.4656,411.4656,384.0361,-24.801800000000014,-24.801800000000014,2.6277000000000044,47,61
PISA,2009,JPN,mathematics,528.9931,3.3122,512.0692,512.0692,523.1025,16.923900000000003,16.923900000000003,5.890600000000063,47,61
PISA,2009,KGZ,mathematics,331.1555,2.8423,329.9601,329.9601,310.5838,1.1954000000000065,1.1954000000000065,20.57170000000002,47,61
PISA,2009,KOR,mathematics,546.2285,3.991,531.9589,531.9589,547.4585,14.269600000000082,14.269600000000082,-1.2299999999999045,47,61
PISA,2009,LIE,mathematics,536.0485,3.8478,513.1923,513.1923,524.9674,22.856199999999944,22.856199999999944,11.081099999999992,47,61
PISA,2009,LTU,mathematics,476.6023,2.5822,480.8112,480.8112,486.4213,-4.208899999999971,-4.208899999999971,-9.81899999999996,47,61
PISA,2009,LUX,mathematics,489.0673,1.0782,483.8493,483.8493,490.0018,5.217999999999961,5.217999999999961,-0.9345000000000141,47,61
PISA,2009,LVA,mathematics,481.9538,3.0331,483.5691,483.5691,486.1661,-1.6152999999999906,-1.6152999999999906,-4.212299999999971,47,61
PISA,2009,MAC,mathematics,525.283,0.8246,505.3708,505.3708,525.0025,19.91220000000004,19.91220000000004,0.2804999999999609,47,61
PISA,2009,MDA,mathematics,397.492,3.0991,484.6998,484.6998,,-87.20779999999996,-87.20779999999996,,47,61
PISA,2009,MEX,mathematics,418.5091,1.8142,417.4,417.4,405.6546,1.1091000000000122,1.1091000000000122,12.854499999999973,47,61
PISA,2009,MNE,mathematics,402.5154,1.9663,411.2807,411.2807,399.3077,-8.765300000000025,-8.765300000000025,3.2076999999999884,47,61
PISA,2009,NLD,mathematics,525.8357,4.7269,514.8558,514.8558,530.654,10.97989999999993,10.97989999999993,-4.818300000000022,47,61
PISA,2009,NOR,mathematics,497.9557,2.3599,485.1053,485.1053,489.8464,12.85039999999998,12.85039999999998,8.109299999999962,47,61
PISA,2009,NZL,mathematics,519.3009,2.2725,517.2694,517.2694,521.9888,2.0314999999999372,2.0314999999999372,-2.6879000000000133,47,61
PISA,2009,POL,mathematics,494.8029,2.8129,496.0352,496.0352,495.4285,-1.2322999999999524,-1.2322999999999524,-0.6255999999999631,47,61
PISA,2009,PRT,mathematics,486.8883,2.8898,470.968,470.968,466.161,15.920299999999997,15.920299999999997,20.727300000000014,47,61
PISA,2009,QAT,mathematics,368.1125,0.6219,347.0921,347.0921,317.9557,21.020399999999995,21.020399999999995,50.15680000000003,47,61
PISA,2009,ROU,mathematics,427.0792,3.3765,419.1433,419.1433,414.796,7.935900000000004,7.935900000000004,12.283200000000022,47,61
PISA,2009,RUS,mathematics,467.8122,3.2657,467.2822,467.2822,475.6791,0.5300000000000296,0.5300000000000296,-7.866899999999987,47,61
PISA,2009,SGP,mathematics,562.0187,1.3689,484.6998,484.6998,,77.31889999999999,77.31889999999999,,47,61
PISA,2009,SRB,mathematics,442.3819,2.8942,431.9741,431.9741,435.3753,10.407799999999952,10.407799999999952,7.006599999999992,47,61
PISA,2009,SVK,mathematics,496.6834,3.0525,481.831,481.831,492.1062,14.852399999999989,14.852399999999989,4.577200000000005,47,61
PISA,2009,SVN,mathematics,501.4724,1.152,501.588,501.588,504.456,-0.11560000000002901,-0.11560000000002901,-2.983600000000024,47,61
PISA,2009,SWE,mathematics,494.2382,2.8683,499.7575,499.7575,502.3564,-5.519299999999987,-5.519299999999987,-8.118200000000002,47,61
PISA,2009,THA,mathematics,418.5839,3.2005,425.8984,425.8984,417.0726,-7.314499999999953,-7.314499999999953,1.5113000000000056,47,61
PISA,2009,TTO,mathematics,414.045,1.1853,484.6998,484.6998,,-70.65479999999997,-70.65479999999997,,47,61
PISA,2009,TUN,mathematics,371.4835,2.9468,389.9558,389.9558,365.4794,-18.47230000000002,-18.47230000000002,6.004099999999994,47,61
PISA,2009,TUR,mathematics,445.4513,4.423,436.6083,436.6083,423.9412,8.843000000000018,8.843000000000018,21.510100000000023,47,61
PISA,2009,TWN,mathematics,543.1824,3.3615,520.3763,520.3763,549.3573,22.806100000000015,22.806100000000015,-6.17489999999998,47,61
PISA,2009,URY,mathematics,426.7238,2.5544,429.9854,429.9854,426.799,-3.261600000000044,-3.261600000000044,-0.07519999999999527,47,61
PISA,2009,USA,mathematics,487.3965,3.5457,2890.3017,2890.3017,474.3522,-2402.9052,-2402.9052,13.044300000000021,47,61
PISA,2012,ALB,mathematics,394.3293,1.9377,393.792,393.792,377.4611,0.5373000000000161,0.5373000000000161,16.8682,108,63
PISA,2012,ARE,mathematics,434.0072,2.4128,432.9758,432.9758,421.1498,1.0314000000000192,1.0314000000000192,12.857399999999984,108,63
PISA,2012,ARG,mathematics,388.4317,3.5137,402.8044,402.8044,388.0681,-14.372700000000009,-14.372700000000009,0.3635999999999626,108,63
PISA,2012,AUS,mathematics,504.1508,1.6284,512.2905,512.2905,514.3405,-8.139699999999948,-8.139699999999948,-10.189700000000016,108,63
PISA,2012,AUT,mathematics,505.5407,2.6457,490.7023,490.7023,495.9087,14.838400000000036,14.838400000000036,9.632000000000005,108,63
PISA,2012,BEL,mathematics,514.5292,2.1268,504.7306,504.7306,515.2723,9.798599999999965,9.798599999999965,-0.7431000000000267,108,63
PISA,2012,BGR,mathematics,438.7383,3.9731,436.8685,436.8685,428.0661,1.869799999999998,1.869799999999998,10.672199999999975,108,63
PISA,2012,BRA,mathematics,388.509,1.9226,403.4905,403.4905,385.8141,-14.981499999999983,-14.981499999999983,2.6949000000000183,108,63
PISA,2012,CAN,mathematics,518.0704,1.8288,518.8248,518.8248,526.8052,-0.7544000000000324,-0.7544000000000324,-8.734800000000064,108,63
PISA,2012,CHE,mathematics,530.931,3.0258,517.5596,517.5596,533.9606,13.371399999999994,13.371399999999994,-3.0295999999999594,108,63
PISA,2012,CHL,mathematics,422.6324,3.0524,436.6717,436.6717,421.0605,-14.039299999999969,-14.039299999999969,1.5719000000000278,108,63
PISA,2012,CHN,mathematics,612.6755,3.2755,571.7329,571.7329,600.0763,40.942600000000084,40.942600000000084,12.59920000000011,108,63
PISA,2012,COL,mathematics,376.4886,2.8694,399.6951,399.6951,380.8482,-23.206500000000005,-23.206500000000005,-4.3596,108,63
PISA,2012,CRI,mathematics,406.9999,3.0199,424.5,424.5,409.3854,-17.500099999999975,-17.500099999999975,-2.385499999999979,108,63
PISA,2012,CZE,mathematics,498.9579,2.8275,491.6053,491.6053,492.8141,7.352599999999995,7.352599999999995,6.143799999999999,108,63
PISA,2012,DEU,mathematics,513.5251,2.859,508.8838,508.8838,512.7776,4.641299999999944,4.641299999999944,0.7474999999999454,108,63
PISA,2012,DNK,mathematics,500.0268,2.2708,496.1766,496.1766,503.2781,3.8501999999999725,3.8501999999999725,-3.2513000000000147,108,63
PISA,2012,ESP,mathematics,484.3193,1.8816,482.3985,482.3985,483.4931,1.9207999999999856,1.9207999999999856,0.8261999999999716,108,63
PISA,2012,EST,mathematics,520.5455,1.9911,511.4341,511.4341,512.1042,9.111399999999946,9.111399999999946,8.441299999999956,108,63
PISA,2012,FIN,mathematics,518.7503,1.9191,535.2128,535.2128,540.5043,-16.462499999999977,-16.462499999999977,-21.753999999999905,108,63
PISA,2012,FRA,mathematics,494.9847,2.4364,492.6315,492.6315,496.7823,2.3531999999999584,2.3531999999999584,-1.7976000000000454,108,63
PISA,2012,GBR,mathematics,493.9342,3.2809,496.5262,496.5262,492.4141,-2.5920000000000414,-2.5920000000000414,1.5200999999999567,108,63
PISA,2012,GRC,mathematics,452.9734,2.4725,467.0371,467.0371,466.0964,-14.063699999999983,-14.063699999999983,-13.12299999999999,108,63
PISA,2012,HKG,mathematics,561.2411,3.1979,539.9848,539.9848,554.5275,21.25630000000001,21.25630000000001,6.7135999999999285,108,63
PISA,2012,HRV,mathematics,471.1315,3.5251,470.3689,470.3689,459.9389,0.7626000000000204,0.7626000000000204,11.192600000000027,108,63
PISA,2012,HUN,mathematics,477.0445,3.1754,491.1682,491.1682,490.17,-14.123699999999985,-14.123699999999985,-13.125499999999988,108,63
PISA,2012,IDN,mathematics,375.1145,4.0213,387.6947,387.6947,371.3009,-12.58019999999999,-12.58019999999999,3.813600000000008,108,63
PISA,2012,IRL,mathematics,501.4975,2.2275,491.7797,491.7797,487.1364,9.717800000000011,9.717800000000011,14.361100000000022,108,63
PISA,2012,ISL,mathematics,492.7957,1.6496,496.3572,496.3572,506.6692,-3.561499999999967,-3.561499999999967,-13.873499999999979,108,63
PISA,2012,ISR,mathematics,466.4814,4.6675,451.9062,451.9062,446.8638,14.575199999999995,14.575199999999995,19.61759999999998,108,63
PISA,2012,ITA,mathematics,485.3212,2.0171,482.3416,482.3416,482.9085,2.979599999999948,2.979599999999948,2.4126999999999725,108,63
PISA,2012,JOR,mathematics,385.5956,3.1002,407.76,407.76,386.6638,-22.1644,-22.1644,-1.0681999999999903,108,63
PISA,2012,JPN,mathematics,536.4069,3.576,524.0234,524.0234,528.9931,12.383499999999913,12.383499999999913,7.413799999999924,108,63
PISA,2012,KAZ,mathematics,431.7984,3.0017,410.691,410.691,404.8847,21.10740000000004,21.10740000000004,26.913700000000006,108,63
PISA,2012,KOR,mathematics,553.7667,4.5663,531.7326,531.7326,546.2285,22.034099999999967,22.034099999999967,7.538199999999961,108,63
PISA,2012,LIE,mathematics,534.9651,3.7235,519.8557,519.8557,536.0485,15.10940000000005,15.10940000000005,-1.0833999999999833,108,63
PISA,2012,LTU,mathematics,478.8233,2.6208,480.3132,480.3132,476.6023,-1.4898999999999774,-1.4898999999999774,2.2210000000000036,108,63
PISA,2012,LUX,mathematics,489.8451,1.0468,483.3979,483.3979,489.0673,6.447200000000009,6.447200000000009,0.7778000000000134,108,63
PISA,2012,LVA,mathematics,490.571,2.7237,483.8362,483.8362,481.9538,6.734800000000007,6.734800000000007,8.617200000000025,108,63
PISA,2012,MAC,mathematics,538.1345,0.9129,511.2695,511.2695,525.283,26.86500000000001,26.86500000000001,12.851499999999987,108,63
PISA,2012,MEX,mathematics,413.2815,1.3411,423.2373,423.2373,418.5091,-9.95580000000001,-9.95580000000001,-5.227599999999995,108,63
PISA,2012,MNE,mathematics,409.6266,0.9839,409.9045,409.9045,402.5154,-0.27789999999998827,-0.27789999999998827,7.111199999999997,108,63
PISA,2012,MYS,mathematics,420.513,3.1637,418.8472,418.8472,404.2581,1.6657999999999902,1.6657999999999902,16.254899999999964,108,63
PISA,2012,NLD,mathematics,522.9718,3.4554,515.8491,515.8491,525.8357,7.122700000000009,7.122700000000009,-2.863899999999944,108,63
PISA,2012,NOR,mathematics,489.3731,2.7093,493.8327,493.8327,497.9557,-4.459599999999966,-4.459599999999966,-8.582599999999957,108,63
PISA,2012,NZL,mathematics,499.7499,2.1695,516.5025,516.5025,519.3009,-16.75260000000003,-16.75260000000003,-19.55099999999993,108,63
PISA,2012,PER,mathematics,368.1025,3.6759,379.6083,379.6083,365.1073,-11.505799999999965,-11.505799999999965,2.995200000000011,108,63
PISA,2012,POL,mathematics,517.5011,3.6022,495.4898,495.4898,494.8029,22.01129999999995,22.01129999999995,22.69819999999993,108,63
PISA,2012,PRT,mathematics,487.0632,3.8003,485.844,485.844,486.8883,1.2192000000000007,1.2192000000000007,0.17489999999997963,108,63
PISA,2012,QAT,mathematics,376.4484,0.7065,384.9553,384.9553,368.1125,-8.50690000000003,-8.50690000000003,8.335899999999981,108,63
PISA,2012,ROU,mathematics,444.5542,3.7431,432.0948,432.0948,427.0792,12.45939999999996,12.45939999999996,17.474999999999966,108,63
PISA,2012,RUS,mathematics,482.1694,3.0143,471.0237,471.0237,467.8122,11.145699999999977,11.145699999999977,14.357199999999978,108,63
PISA,2012,SGP,mathematics,573.4683,1.2811,540.7404,540.7404,562.0187,32.72789999999998,32.72789999999998,11.449600000000032,108,63
PISA,2012,SRB,mathematics,448.8591,3.3705,445.0867,445.0867,442.3819,3.7724000000000046,3.7724000000000046,6.477200000000039,108,63
PISA,2012,SVK,mathematics,481.6447,3.4055,489.503,489.503,496.6834,-7.858299999999986,-7.858299999999986,-15.038700000000006,108,63
PISA,2012,SVN,mathematics,501.1274,1.1858,500.1156,500.1156,501.4724,1.0118000000000507,1.0118000000000507,-0.34499999999997044,108,63
PISA,2012,SWE,mathematics,478.2606,2.2306,490.204,490.204,494.2382,-11.943399999999997,-11.943399999999997,-15.977599999999995,108,63
PISA,2012,THA,mathematics,426.7375,3.4331,426.9046,426.9046,418.5839,-0.1671000000000049,-0.1671000000000049,8.153599999999983,108,63
PISA,2012,TUN,mathematics,387.8246,3.8965,394.7816,394.7816,371.4835,-6.9570000000000505,-6.9570000000000505,16.341099999999983,108,63
PISA,2012,TUR,mathematics,447.9844,4.8202,450.8639,450.8639,445.4513,-2.8795000000000073,-2.8795000000000073,2.5330999999999904,108,63
PISA,2012,TWN,mathematics,559.8248,3.2806,523.4727,523.4727,543.1824,36.35209999999995,36.35209999999995,16.642399999999952,108,63
PISA,2012,URY,mathematics,409.2916,2.7397,431.5512,431.5512,426.7238,-22.259599999999978,-22.259599999999978,-17.432199999999966,108,63
PISA,2012,USA,mathematics,481.3668,3.5803,489.5906,489.5906,487.3965,-8.223799999999983,-8.223799999999983,-6.029699999999991,108,63
PISA,2015,ALB,mathematics,413.157,3.4479,401.6458,401.6458,394.3293,11.511199999999974,11.511199999999974,18.827699999999993,171,57
PISA,2015,ARE,mathematics,427.4827,2.4077,442.0421,442.0421,434.0072,-14.559399999999982,-14.559399999999982,-6.524499999999989,171,57
PISA,2015,AUS,mathematics,493.8962,1.6054,507.0998,507.0998,504.1508,-13.203599999999994,-13.203599999999994,-10.254599999999982,171,57
PISA,2015,AUT,mathematics,496.7423,2.8609,501.9836,501.9836,505.5407,-5.241300000000024,-5.241300000000024,-8.798400000000015,171,57
PISA,2015,BEL,mathematics,506.9844,2.3503,506.4817,506.4817,514.5292,0.5027000000000044,0.5027000000000044,-7.544799999999952,171,57
PISA,2015,BGR,mathematics,441.1899,3.9549,443.8797,443.8797,438.7383,-2.689799999999991,-2.689799999999991,2.4516000000000417,171,57
PISA,2015,BRA,mathematics,377.0695,2.8634,400.0968,400.0968,388.509,-23.02729999999997,-23.02729999999997,-11.43950000000001,171,57
PISA,2015,CAN,mathematics,515.6474,2.3131,516.067,516.067,518.0704,-0.4196000000000595,-0.4196000000000595,-2.423000000000002,171,57
PISA,2015,CHE,mathematics,521.2506,2.9203,519.2054,519.2054,530.931,2.045199999999909,2.045199999999909,-9.680400000000077,171,57
PISA,2015,CHL,mathematics,422.6714,2.5395,434.6352,434.6352,422.6324,-11.963799999999992,-11.963799999999992,0.03899999999998727,171,57
PISA,2015,COL,mathematics,389.6438,2.2861,392.5273,392.5273,376.4886,-2.8835000000000264,-2.8835000000000264,13.15519999999998,171,57
PISA,2015,CRI,mathematics,400.2534,2.4653,420.4024,420.4024,406.9999,-20.149,-20.149,-6.746500000000026,171,57
PISA,2015,CZE,mathematics,492.3254,2.3961,499.3791,499.3791,498.9579,-7.053699999999992,-7.053699999999992,-6.632499999999993,171,57
PISA,2015,DEU,mathematics,505.9713,2.8879,513.1273,513.1273,513.5251,-7.156000000000006,-7.156000000000006,-7.553799999999967,171,57
PISA,2015,DNK,mathematics,511.0876,2.1742,496.2874,496.2874,500.0268,14.800200000000018,14.800200000000018,11.060800000000029,171,57
PISA,2015,ESP,mathematics,485.8432,2.1512,487.0735,487.0735,484.3193,-1.2302999999999997,-1.2302999999999997,1.523900000000026,171,57
PISA,2015,EST,mathematics,519.5291,2.0426,523.3581,523.3581,520.5455,-3.8290000000000646,-3.8290000000000646,-1.016399999999976,171,57
PISA,2015,FIN,mathematics,511.0769,2.3093,523.8982,523.8982,518.7503,-12.821299999999951,-12.821299999999951,-7.673400000000015,171,57
PISA,2015,FRA,mathematics,492.9204,2.0989,493.7579,493.7579,494.9847,-0.8375000000000341,-0.8375000000000341,-2.064300000000003,171,57
PISA,2015,GBR,mathematics,492.4785,2.4965,498.8503,498.8503,493.9342,-6.3718000000000075,-6.3718000000000075,-1.455699999999979,171,57
PISA,2015,GRC,mathematics,453.6299,3.7536,459.1026,459.1026,452.9734,-5.472699999999975,-5.472699999999975,0.6564999999999941,171,57
PISA,2015,HKG,mathematics,547.931,2.98,550.3193,550.3193,561.2411,-2.3882999999999583,-2.3882999999999583,-13.31009999999992,171,57
PISA,2015,HRV,mathematics,464.0401,2.7711,478.0736,478.0736,471.1315,-14.033500000000004,-14.033500000000004,-7.0914000000000215,171,57
PISA,2015,HUN,mathematics,476.8309,2.527,482.3567,482.3567,477.0445,-5.525800000000004,-5.525800000000004,-0.2136000000000422,171,57
PISA,2015,IDN,mathematics,386.1096,3.0845,385.5293,385.5293,375.1145,0.5803000000000225,0.5803000000000225,10.99509999999998,171,57
PISA,2015,IRL,mathematics,503.722,2.0531,505.8611,505.8611,501.4975,-2.1391000000000417,-2.1391000000000417,2.2244999999999777,171,57
PISA,2015,ISL,mathematics,488.0332,1.9887,484.8102,484.8102,492.7957,3.223000000000013,3.223000000000013,-4.762499999999989,171,57
PISA,2015,ISR,mathematics,469.6695,3.6292,467.6259,467.6259,466.4814,2.0436000000000263,2.0436000000000263,3.18810000000002,171,57
PISA,2015,ITA,mathematics,489.7287,2.8454,486.5289,486.5289,485.3212,3.199799999999982,3.199799999999982,4.407500000000027,171,57
PISA,2015,JOR,mathematics,380.259,2.6518,401.4201,401.4201,385.5956,-21.161099999999976,-21.161099999999976,-5.336599999999976,171,57
PISA,2015,JPN,mathematics,532.4399,3.0,533.8872,533.8872,536.4069,-1.447300000000041,-1.447300000000041,-3.9669999999999845,171,57
PISA,2015,KOR,mathematics,524.1062,3.7123,539.8941,539.8941,553.7667,-15.787900000000036,-15.787900000000036,-29.66050000000007,171,57
PISA,2015,LTU,mathematics,478.3834,2.3293,483.8363,483.8363,478.8233,-5.4529,-5.4529,-0.43990000000002283,171,57
PISA,2015,LUX,mathematics,485.7706,1.2678,488.0963,488.0963,489.8451,-2.3256999999999834,-2.3256999999999834,-4.0745000000000005,171,57
PISA,2015,LVA,mathematics,482.3051,1.8687,492.582,492.582,490.571,-10.276900000000012,-10.276900000000012,-8.265900000000045,171,57
PISA,2015,MAC,mathematics,543.8078,1.1077,525.0521,525.0521,538.1345,18.755700000000047,18.755700000000047,5.67330000000004,171,57
PISA,2015,MEX,mathematics,408.0235,2.2409,418.3985,418.3985,413.2815,-10.375,-10.375,-5.257999999999981,171,57
PISA,2015,MNE,mathematics,417.9341,1.4624,414.6307,414.6307,409.6266,3.3034000000000106,3.3034000000000106,8.307500000000005,171,57
PISA,2015,NLD,mathematics,512.2528,2.2116,517.4426,517.4426,522.9718,-5.189799999999991,-5.189799999999991,-10.719000000000051,171,57
PISA,2015,NOR,mathematics,501.7298,2.2316,489.0768,489.0768,489.3731,12.65300000000002,12.65300000000002,12.35669999999999,171,57
PISA,2015,NZL,mathematics,495.2233,2.2654,502.5437,502.5437,499.7499,-7.3204000000000065,-7.3204000000000065,-4.52660000000003,171,57
PISA,2015,PER,mathematics,386.5606,2.7142,378.4704,378.4704,368.1025,8.090200000000038,8.090200000000038,18.4581,171,57
PISA,2015,POL,mathematics,504.4693,2.3898,515.9006,515.9006,517.5011,-11.431300000000078,-11.431300000000078,-13.031799999999976,171,57
PISA,2015,PRT,mathematics,491.627,2.4909,485.8742,485.8742,487.0632,5.752800000000036,5.752800000000036,4.563800000000015,171,57
PISA,2015,QAT,mathematics,402.4006,1.2735,386.8938,386.8938,376.4484,15.506799999999998,15.506799999999998,25.952200000000005,171,57
PISA,2015,ROU,mathematics,443.9543,3.785,444.1368,444.1368,444.5542,-0.18250000000000455,-0.18250000000000455,-0.599899999999991,171,57
PISA,2015,RUS,mathematics,494.06,3.1088,482.1277,482.1277,482.1694,11.932299999999998,11.932299999999998,11.890600000000006,171,57
PISA,2015,SGP,mathematics,564.1897,1.4663,555.617,555.617,573.4683,8.572700000000054,8.572700000000054,-9.278599999999983,171,57
PISA,2015,SVK,mathematics,475.2301,2.6584,476.2085,476.2085,481.6447,-0.9784000000000219,-0.9784000000000219,-6.414600000000007,171,57
PISA,2015,SVN,mathematics,509.9196,1.2563,502.7285,502.7285,501.1274,7.191100000000006,7.191100000000006,8.79219999999998,171,57
PISA,2015,SWE,mathematics,493.9181,3.1723,479.4644,479.4644,478.2606,14.45369999999997,14.45369999999997,15.65749999999997,171,57
PISA,2015,THA,mathematics,415.4638,3.0342,436.4968,436.4968,426.7375,-21.033000000000015,-21.033000000000015,-11.27370000000002,171,57
PISA,2015,TUN,mathematics,366.818,2.9516,398.3947,398.3947,387.8246,-31.576700000000017,-31.576700000000017,-21.00659999999999,171,57
PISA,2015,TUR,mathematics,420.454,4.1289,455.1814,455.1814,447.9844,-34.72739999999999,-34.72739999999999,-27.530399999999986,171,57
PISA,2015,URY,mathematics,417.9919,2.496,416.595,416.595,409.2916,1.3968999999999596,1.3968999999999596,8.70029999999997,171,57
PISA,2015,USA,mathematics,469.6285,3.1664,485.8435,485.8435,481.3668,-16.215000000000032,-16.215000000000032,-11.738300000000038,171,57
PISA,2015,VNM,mathematics,494.5183,4.4577,513.5557,513.5557,511.3382,-19.03739999999999,-19.03739999999999,-16.81989999999996,171,57
PISA,2022,ALB,mathematics,368.2217,2.0863,421.5512,421.5512,413.157,-53.329499999999996,-53.329499999999996,-44.935299999999984,228,66
PISA,2022,ARE,mathematics,431.1105,0.9493,417.5841,417.5841,427.4827,13.526400000000024,13.526400000000024,3.6277999999999793,228,66
PISA,2022,AUS,mathematics,487.0843,1.7796,497.9711,497.9711,493.8962,-10.886799999999994,-10.886799999999994,-6.811900000000037,228,66
PISA,2022,AUT,mathematics,487.2675,2.3378,492.5192,492.5192,496.7423,-5.251700000000028,-5.251700000000028,-9.474800000000016,228,66
PISA,2022,BEL,mathematics,489.4868,2.2029,500.7766,500.7766,506.9844,-11.289799999999957,-11.289799999999957,-17.497599999999977,228,66
PISA,2022,BGR,mathematics,417.3039,3.3027,443.9848,443.9848,441.1899,-26.68090000000001,-26.68090000000001,-23.886000000000024,228,66
PISA,2022,BRA,mathematics,378.6914,1.5814,391.8063,391.8063,377.0695,-13.114900000000034,-13.114900000000034,1.6218999999999824,228,66
PISA,2022,CAN,mathematics,496.9479,1.5618,519.7172,519.7172,515.6474,-22.769300000000044,-22.769300000000044,-18.699499999999944,228,66
PISA,2022,CHE,mathematics,507.9906,2.1437,510.2574,510.2574,521.2506,-2.266800000000046,-2.266800000000046,-13.259999999999991,228,66
PISA,2022,CHL,mathematics,411.6966,2.0779,410.9361,410.9361,422.6714,0.7604999999999791,0.7604999999999791,-10.974800000000016,228,66
PISA,2022,COL,mathematics,382.6968,3.031,404.0624,404.0624,389.6438,-21.36560000000003,-21.36560000000003,-6.947000000000003,228,66
PISA,2022,CRI,mathematics,384.576,1.8877,411.5285,411.5285,400.2534,-26.952499999999986,-26.952499999999986,-15.677399999999977,228,66
PISA,2022,CZE,mathematics,486.9992,2.0936,484.9008,484.9008,492.3254,2.0983999999999696,2.0983999999999696,-5.3262000000000285,228,66
PISA,2022,DEU,mathematics,474.8265,3.0648,499.0121,499.0121,505.9713,-24.185599999999965,-24.185599999999965,-31.144799999999975,228,66
PISA,2022,DNK,mathematics,489.2739,1.9488,500.6894,500.6894,511.0876,-11.415499999999952,-11.415499999999952,-21.813699999999983,228,66
PISA,2022,DOM,mathematics,339.1072,1.6234,340.4407,340.4407,327.702,-1.333500000000015,-1.333500000000015,11.40519999999998,228,66
PISA,2022,ESP,mathematics,473.1402,1.5044,483.0965,483.0965,485.8432,-9.956299999999999,-9.956299999999999,-12.703000000000031,228,66
PISA,2022,EST,mathematics,509.947,1.9845,518.6049,518.6049,519.5291,-8.65790000000004,-8.65790000000004,-9.582099999999969,228,66
PISA,2022,FIN,mathematics,484.1392,1.8572,504.8731,504.8731,511.0769,-20.733900000000006,-20.733900000000006,-26.937700000000007,228,66
PISA,2022,FRA,mathematics,473.9444,2.489,490.2673,490.2673,492.9204,-16.322900000000004,-16.322900000000004,-18.976,228,66
PISA,2022,GBR,mathematics,488.9751,2.218,494.6517,494.6517,492.4785,-5.676600000000008,-5.676600000000008,-3.503399999999999,228,66
PISA,2022,GEO,mathematics,390.0242,2.3736,419.2062,419.2062,403.8332,-29.182000000000016,-29.182000000000016,-13.808999999999969,228,66
PISA,2022,GRC,mathematics,430.1463,2.335,454.2118,454.2118,453.6299,-24.065499999999986,-24.065499999999986,-23.483600000000024,228,66
PISA,2022,HKG,mathematics,540.3518,2.9875,541.8333,541.8333,547.931,-1.4814999999999827,-1.4814999999999827,-7.579200000000014,228,66
PISA,2022,HRV,mathematics,463.1052,2.3789,461.698,461.698,464.0401,1.4072000000000457,1.4072000000000457,-0.9348999999999705,228,66
PISA,2022,HUN,mathematics,472.7761,2.5141,479.7797,479.7797,476.8309,-7.003600000000006,-7.003600000000006,-4.0548,228,66
PISA,2022,IDN,mathematics,365.5253,2.3511,413.5088,413.5088,386.1096,-47.98349999999999,-47.98349999999999,-20.584299999999985,228,66
PISA,2022,IRL,mathematics,491.6483,2.0223,508.1136,508.1136,503.722,-16.465300000000013,-16.465300000000013,-12.073699999999974,228,66
PISA,2022,ISL,mathematics,458.914,1.581,480.3202,480.3202,488.0332,-21.406200000000013,-21.406200000000013,-29.119200000000035,228,66
PISA,2022,ISR,mathematics,457.8967,3.2691,465.9972,465.9972,469.6695,-8.100500000000011,-8.100500000000011,-11.772800000000018,228,66
PISA,2022,ITA,mathematics,471.2595,3.0934,477.1162,477.1162,489.7287,-5.856699999999989,-5.856699999999989,-18.4692,228,66
PISA,2022,JOR,mathematics,361.228,2.0331,357.4493,357.4493,380.259,3.778700000000015,3.778700000000015,-19.031000000000006,228,66
PISA,2022,JPN,mathematics,535.5793,2.9338,550.0844,550.0844,532.4399,-14.50509999999997,-14.50509999999997,3.1394000000000233,228,66
PISA,2022,KAZ,mathematics,425.4391,1.6882,479.9159,479.9159,,-54.476800000000026,-54.476800000000026,,228,66
PISA,2022,KOR,mathematics,527.3025,3.8628,504.2619,504.2619,524.1062,23.040599999999984,23.040599999999984,3.1963000000000648,228,66
PISA,2022,KSV,mathematics,354.9624,1.0184,375.4703,375.4703,361.534,-20.507900000000006,-20.507900000000006,-6.5715999999999894,228,66
PISA,2022,LTU,mathematics,475.1468,1.8418,478.604,478.604,478.3834,-3.4572000000000003,-3.4572000000000003,-3.23660000000001,228,66
PISA,2022,LVA,mathematics,483.1595,2.0319,482.5123,482.5123,482.3051,0.647199999999998,0.647199999999998,0.8543999999999983,228,66
PISA,2022,MAC,mathematics,551.9232,1.0981,530.9552,530.9552,543.8078,20.96799999999996,20.96799999999996,8.115399999999909,228,66
PISA,2022,MAR,mathematics,364.7662,3.3503,438.5174,438.5174,,-73.75119999999998,-73.75119999999998,,228,66
PISA,2022,MDA,mathematics,414.1981,2.3074,425.6073,425.6073,419.6635,-11.409199999999998,-11.409199999999998,-5.465399999999988,228,66
PISA,2022,MEX,mathematics,395.0299,2.2706,414.7991,414.7991,408.0235,-19.769200000000012,-19.769200000000012,-12.993600000000015,228,66
PISA,2022,MKD,mathematics,388.5755,0.869,382.8938,382.8938,371.3114,5.681699999999978,5.681699999999978,17.264099999999985,228,66
PISA,2022,MLT,mathematics,466.0161,1.579,456.986,456.986,478.6448,9.030100000000004,9.030100000000004,-12.62869999999998,228,66
PISA,2022,MNE,mathematics,405.6012,1.116,419.1593,419.1593,417.9341,-13.558099999999968,-13.558099999999968,-12.332899999999995,228,66
PISA,2022,MYS,mathematics,408.6874,2.3965,454.7854,454.7854,,-46.097999999999956,-46.097999999999956,,228,66
PISA,2022,NLD,mathematics,492.6756,3.766,504.9953,504.9953,512.2528,-12.319700000000012,-12.319700000000012,-19.577200000000005,228,66
PISA,2022,NOR,mathematics,468.4499,2.0624,492.5815,492.5815,501.7298,-24.13159999999999,-24.13159999999999,-33.2799,228,66
PISA,2022,NZL,mathematics,479.0742,1.987,496.9927,496.9927,495.2233,-17.918499999999995,-17.918499999999995,-16.149099999999976,228,66
PISA,2022,PER,mathematics,391.2358,2.341,396.0496,396.0496,386.5606,-4.813800000000015,-4.813800000000015,4.675199999999961,228,66
PISA,2022,POL,mathematics,488.9601,2.2749,499.1233,499.1233,504.4693,-10.16319999999996,-10.16319999999996,-15.509199999999964,228,66
PISA,2022,PRT,mathematics,471.9105,2.3506,492.7152,492.7152,491.627,-20.80469999999997,-20.80469999999997,-19.716499999999996,228,66
PISA,2022,QAT,mathematics,414.1062,1.1391,397.1025,397.1025,402.4006,17.00369999999998,17.00369999999998,11.705600000000004,228,66
PISA,2022,ROU,mathematics,427.76,3.9984,442.0521,442.0521,443.9543,-14.292100000000005,-14.292100000000005,-16.1943,228,66
PISA,2022,SAU,mathematics,388.7816,1.7582,418.6786,418.6786,,-29.89699999999999,-29.89699999999999,,228,66
PISA,2022,SGP,mathematics,574.6638,1.2328,594.5781,594.5781,564.1897,-19.914299999999912,-19.914299999999912,10.474100000000021,228,66
PISA,2022,SRB,mathematics,439.8767,2.9741,470.8317,470.8317,,-30.954999999999984,-30.954999999999984,,228,66
PISA,2022,SVK,mathematics,463.9946,2.8929,465.7153,465.7153,475.2301,-1.720700000000022,-1.720700000000022,-11.235500000000002,228,66
PISA,2022,SVN,mathematics,484.529,1.2441,524.4572,524.4572,509.9196,-39.92819999999995,-39.92819999999995,-25.390600000000006,228,66
PISA,2022,SWE,mathematics,481.7661,2.0631,484.5084,484.5084,493.9181,-2.7423,-2.7423,-12.151999999999987,228,66
PISA,2022,TAP,mathematics,547.0942,3.7776,531.3231,531.3231,542.3215,15.771100000000047,15.771100000000047,4.772699999999986,228,66
PISA,2022,THA,mathematics,393.9454,2.676,395.9654,395.9654,415.4638,-2.019999999999982,-2.019999999999982,-21.518399999999986,228,66
PISA,2022,TUR,mathematics,453.1518,1.5882,423.6568,423.6568,420.454,29.495000000000005,29.495000000000005,32.69779999999997,228,66
PISA,2022,URY,mathematics,408.7121,2.0239,427.0331,427.0331,417.9919,-18.32099999999997,-18.32099999999997,-9.279799999999966,228,66
PISA,2022,USA,mathematics,464.888,4.0067,471.0815,471.0815,469.6285,-6.193500000000029,-6.193500000000029,-4.740499999999997,228,66
PISA,2022,VNM,mathematics,469.4024,3.926,500.87,500.87,494.5183,-31.467600000000004,-31.467600000000004,-25.11590000000001,228,66
PISA,2025,ALB,mathematics,432.8172,2.8951,375.1571,375.1571,368.2217,57.6601,57.6601,64.59550000000002,294,75
PISA,2025,ARE,mathematics,452.5887,2.1588,430.3381,430.3381,431.1105,22.25060000000002,22.25060000000002,21.478200000000015,294,75
PISA,2025,ARG,mathematics,366.8142,2.6635,389.9318,389.9318,377.529,-23.11759999999998,-23.11759999999998,-10.714799999999968,294,75
PISA,2025,AUS,mathematics,477.5267,1.9152,487.0304,487.0304,487.0843,-9.50369999999998,-9.50369999999998,-9.55759999999998,294,75
PISA,2025,AUT,mathematics,477.1939,2.5758,482.4054,482.4054,487.2675,-5.211500000000001,-5.211500000000001,-10.073599999999999,294,75
PISA,2025,BEL,mathematics,479.6829,2.8092,483.5487,483.5487,489.4868,-3.865799999999979,-3.865799999999979,-9.803899999999999,294,75
PISA,2025,BGR,mathematics,405.0776,4.034,408.1448,408.1448,417.3039,-3.067199999999957,-3.067199999999957,-12.22629999999998,294,75
PISA,2025,BRA,mathematics,376.7679,1.748,379.3507,379.3507,378.6914,-2.58280000000002,-2.58280000000002,-1.92349999999999,294,75
PISA,2025,BRN,mathematics,435.1827,0.8529,441.2063,441.2063,442.0931,-6.023599999999988,-6.023599999999988,-6.9103999999999814,294,75
PISA,2025,CAN,mathematics,485.3377,1.9128,495.4537,495.4537,496.9479,-10.116000000000042,-10.116000000000042,-11.61020000000002,294,75
PISA,2025,CHE,mathematics,499.147,2.5929,498.416,498.416,507.9906,0.7309999999999945,0.7309999999999945,-8.84359999999998,294,75
PISA,2025,CHL,mathematics,402.6452,2.1761,421.9985,421.9985,411.6966,-19.35329999999999,-19.35329999999999,-9.051400000000001,294,75
PISA,2025,COL,mathematics,380.5287,2.7814,383.3789,383.3789,382.6968,-2.8501999999999725,-2.8501999999999725,-2.1680999999999813,294,75
PISA,2025,CRI,mathematics,387.0912,2.251,395.6727,395.6727,384.576,-8.581500000000005,-8.581500000000005,2.515199999999993,294,75
PISA,2025,CZE,mathematics,477.148,2.5986,484.1909,484.1909,486.9992,-7.042899999999975,-7.042899999999975,-9.851199999999949,294,75
PISA,2025,DEU,mathematics,463.8057,3.0462,477.4083,477.4083,474.8265,-13.602599999999995,-13.602599999999995,-11.020800000000008,294,75
PISA,2025,DNK,mathematics,470.6275,2.1088,484.3962,484.3962,489.2739,-13.768700000000024,-13.768700000000024,-18.64640000000003,294,75
PISA,2025,DOM,mathematics,338.8295,1.6928,352.7425,352.7425,339.1072,-13.913000000000011,-13.913000000000011,-0.27769999999998163,294,75
PISA,2025,ESP,mathematics,457.4489,1.6868,471.2663,471.2663,473.1402,-13.81740000000002,-13.81740000000002,-15.691300000000012,294,75
PISA,2025,EST,mathematics,507.8957,2.2875,512.6898,512.6898,509.947,-4.7941000000000145,-4.7941000000000145,-2.051300000000026,294,75
PISA,2025,FIN,mathematics,468.6945,2.2007,486.4233,486.4233,484.1392,-17.72879999999998,-17.72879999999998,-15.444700000000012,294,75
PISA,2025,FRA,mathematics,457.655,2.9951,472.3015,472.3015,473.9444,-14.646500000000003,-14.646500000000003,-16.2894,294,75
PISA,2025,GBR,mathematics,487.5737,2.1993,485.9767,485.9767,488.9751,1.59699999999998,1.59699999999998,-1.4014000000000237,294,75
PISA,2025,GEO,mathematics,416.3627,2.9375,390.8821,390.8821,390.0242,25.480600000000038,25.480600000000038,26.33850000000001,294,75
PISA,2025,GRC,mathematics,423.8522,2.9244,432.4067,432.4067,430.1463,-8.554500000000019,-8.554500000000019,-6.2941000000000145,294,75
PISA,2025,GTM,mathematics,334.3025,1.9334,359.6234,359.6234,344.1995,-25.320899999999995,-25.320899999999995,-9.896999999999991,294,75
PISA,2025,HKG,mathematics,521.7078,2.91,523.52,523.52,540.3518,-1.8121999999999616,-1.8121999999999616,-18.644000000000005,294,75
PISA,2025,HRV,mathematics,455.2917,1.8155,468.599,468.599,463.1052,-13.307299999999998,-13.307299999999998,-7.813500000000033,294,75
PISA,2025,HUN,mathematics,459.4885,2.5084,471.9555,471.9555,472.7761,-12.466999999999985,-12.466999999999985,-13.287599999999998,294,75
PISA,2025,IDN,mathematics,363.9017,2.1008,375.5879,375.5879,365.5253,-11.686199999999985,-11.686199999999985,-1.6236000000000104,294,75
PISA,2025,IRL,mathematics,479.8747,1.8344,488.869,488.869,491.6483,-8.99430000000001,-8.99430000000001,-11.773599999999988,294,75
PISA,2025,ISL,mathematics,449.7303,1.4679,451.7917,451.7917,458.914,-2.061399999999992,-2.061399999999992,-9.183699999999988,294,75
PISA,2025,ISR,mathematics,433.3749,3.1041,456.5339,456.5339,457.8967,-23.158999999999992,-23.158999999999992,-24.521799999999985,294,75
PISA,2025,ITA,mathematics,467.7626,2.8457,470.4599,470.4599,471.2595,-2.6972999999999843,-2.6972999999999843,-3.4968999999999824,294,75
PISA,2025,JOR,mathematics,387.5613,2.1912,370.4568,370.4568,361.228,17.10450000000003,17.10450000000003,26.33330000000001,294,75
PISA,2025,JPN,mathematics,525.3758,4.2041,528.5015,528.5015,535.5793,-3.125699999999938,-3.125699999999938,-10.203499999999963,294,75
PISA,2025,KAZ,mathematics,413.7149,1.7478,424.2209,424.2209,425.4391,-10.505999999999972,-10.505999999999972,-11.724199999999996,294,75
PISA,2025,KHM,mathematics,365.8417,1.6687,347.0763,347.0763,336.396,18.7654,18.7654,29.445699999999988,294,75
PISA,2025,KOR,mathematics,522.2978,3.9581,517.8017,517.8017,527.3025,4.4961000000000695,4.4961000000000695,-5.004699999999957,294,75
PISA,2025,KSV,mathematics,350.4395,1.3285,361.3762,361.3762,354.9624,-10.936699999999973,-10.936699999999973,-4.522899999999993,294,75
PISA,2025,LTU,mathematics,470.4915,1.8743,472.3148,472.3148,475.1468,-1.8233000000000175,-1.8233000000000175,-4.655300000000011,294,75
PISA,2025,LVA,mathematics,460.4927,1.7023,476.5387,476.5387,483.1595,-16.045999999999992,-16.045999999999992,-22.666799999999967,294,75
PISA,2025,MAC,mathematics,549.3016,1.1472,537.3933,537.3933,551.9232,11.908300000000054,11.908300000000054,-2.621599999999944,294,75
PISA,2025,MAR,mathematics,354.7551,2.9552,369.8664,369.8664,364.7662,-15.111299999999972,-15.111299999999972,-10.011099999999999,294,75
PISA,2025,MDA,mathematics,410.1301,2.557,415.4848,415.4848,414.1981,-5.35469999999998,-5.35469999999998,-4.067999999999984,294,75
PISA,2025,MEX,mathematics,387.5872,1.8582,401.7112,401.7112,395.0299,-14.124000000000024,-14.124000000000024,-7.442700000000002,294,75
PISA,2025,MKD,mathematics,379.792,0.9708,388.7331,388.7331,388.5755,-8.941100000000006,-8.941100000000006,-8.783500000000004,294,75
PISA,2025,MLT,mathematics,439.0827,1.7834,461.7218,461.7218,466.0161,-22.639099999999985,-22.639099999999985,-26.933400000000006,294,75
PISA,2025,MNE,mathematics,411.058,1.1169,406.1165,406.1165,405.6012,4.941500000000019,4.941500000000019,5.456799999999987,294,75
PISA,2025,MNG,mathematics,418.6423,2.2945,420.4599,420.4599,424.5931,-1.8176000000000272,-1.8176000000000272,-5.950800000000015,294,75
PISA,2025,MYS,mathematics,397.4226,2.1981,411.9525,411.9525,408.6874,-14.529899999999998,-14.529899999999998,-11.264800000000037,294,75
PISA,2025,NLD,mathematics,483.2703,2.8883,484.039,484.039,492.6756,-0.7686999999999671,-0.7686999999999671,-9.405299999999954,294,75
PISA,2025,NOR,mathematics,451.7801,2.0202,470.1147,470.1147,468.4499,-18.334600000000023,-18.334600000000023,-16.66980000000001,294,75
PISA,2025,NZL,mathematics,479.6191,2.1652,481.2876,481.2876,479.0742,-1.6684999999999945,-1.6684999999999945,0.5448999999999842,294,75
PISA,2025,PER,mathematics,382.4394,2.4483,398.7628,398.7628,391.2358,-16.32340000000005,-16.32340000000005,-8.796400000000006,294,75
PISA,2025,PHL,mathematics,370.6309,1.6985,360.9723,360.9723,354.7197,9.658599999999979,9.658599999999979,15.911200000000008,294,75
PISA,2025,POL,mathematics,484.1209,2.7584,493.5624,493.5624,488.9601,-9.441500000000019,-9.441500000000019,-4.839200000000005,294,75
PISA,2025,PRT,mathematics,459.943,3.4548,470.9734,470.9734,471.9105,-11.030400000000043,-11.030400000000043,-11.96750000000003,294,75
PISA,2025,PRY,mathematics,333.7307,1.5878,354.1717,354.1717,337.5398,-20.440999999999974,-20.440999999999974,-3.809100000000001,294,75
PISA,2025,PSE,mathematics,354.337,1.7755,371.4949,371.4949,365.7467,-17.157899999999984,-17.157899999999984,-11.409699999999987,294,75
PISA,2025,QAT,mathematics,416.1618,1.3472,420.1059,420.1059,414.1062,-3.9440999999999917,-3.9440999999999917,2.0556000000000267,294,75
PISA,2025,ROU,mathematics,419.1242,4.5329,426.9573,426.9573,427.76,-7.833100000000002,-7.833100000000002,-8.635800000000017,294,75
PISA,2025,SAU,mathematics,389.8859,2.4,392.0287,392.0287,388.7816,-2.1428000000000225,-2.1428000000000225,1.1042999999999665,294,75
PISA,2025,SGP,mathematics,562.8975,1.5715,556.7744,556.7744,574.6638,6.123100000000022,6.123100000000022,-11.766300000000001,294,75
PISA,2025,SLV,mathematics,346.2498,1.8016,359.2286,359.2286,343.4691,-12.978799999999978,-12.978799999999978,2.7806999999999675,294,75
PISA,2025,SRB,mathematics,416.7354,2.9969,440.3429,440.3429,439.8767,-23.60749999999996,-23.60749999999996,-23.1413,294,75
PISA,2025,SVK,mathematics,469.0983,2.4458,457.3945,457.3945,463.9946,11.703800000000001,11.703800000000001,5.1037000000000035,294,75
PISA,2025,SVN,mathematics,459.8356,1.1858,481.7974,481.7974,484.529,-21.961799999999982,-21.961799999999982,-24.693399999999997,294,75
PISA,2025,SWE,mathematics,464.2512,2.5087,489.4169,489.4169,481.7661,-25.165700000000015,-25.165700000000015,-17.51490000000001,294,75
PISA,2025,TAP,mathematics,546.1891,3.1154,532.7342,532.7342,547.0942,13.454900000000066,13.454900000000066,-0.9050999999999476,294,75
PISA,2025,THA,mathematics,406.7648,2.8783,400.8497,400.8497,393.9454,5.915099999999995,5.915099999999995,12.819399999999973,294,75
PISA,2025,TUR,mathematics,461.5466,2.3974,457.0,457.0,453.1518,4.546600000000012,4.546600000000012,8.394800000000032,294,75
PISA,2025,URY,mathematics,404.8788,1.9452,417.7203,417.7203,408.7121,-12.841499999999996,-12.841499999999996,-3.8333000000000084,294,75
PISA,2025,USA,mathematics,462.8478,5.3968,471.2277,471.2277,464.888,-8.37990000000002,-8.37990000000002,-2.0401999999999703,294,75
PISA,2025,VNM,mathematics,443.186,4.2426,465.8336,465.8336,469.4024,-22.64760000000001,-22.64760000000001,-26.21640000000002,294,75
PISA,2006,AUS,reading,512.8933,2.0442,,,525.427,,,-12.533700000000067,0,47
PISA,2006,AUT,reading,490.194,4.0624,,,490.6932,,,-0.49919999999997344,0,47
PISA,2006,BEL,reading,500.9006,3.0182,,,506.9873,,,-6.0867000000000075,0,47
PISA,2006,BGR,reading,401.935,6.8823,,,,,,,0,47
PISA,2006,BRA,reading,392.8851,3.703,,,402.7963,,,-9.911199999999951,0,47
PISA,2006,CAN,reading,527.0113,2.422,,,527.9136,,,-0.9022999999999683,0,47
PISA,2006,CHE,reading,499.2778,3.0445,,,499.1214,,,0.1564000000000192,0,47
PISA,2006,CHL,reading,442.0913,4.9621,,,,,,,0,47
PISA,2006,CZE,reading,482.7152,4.1494,,,488.5423,,,-5.82710000000003,0,47
PISA,2006,DEU,reading,494.9444,4.392,,,491.358,,,3.586399999999969,0,47
PISA,2006,DNK,reading,494.483,3.1579,,,492.3234,,,2.1596000000000117,0,47
PISA,2006,ESP,reading,460.8301,2.2117,,,480.538,,,-19.707899999999995,0,47
PISA,2006,EST,reading,500.7498,2.9052,,,,,,,0,47
PISA,2006,FIN,reading,546.8683,2.1102,,,543.4625,,,3.4057999999999993,0,47
PISA,2006,FRA,reading,487.7062,4.038,,,496.1888,,,-8.48259999999999,0,47
PISA,2006,GBR,reading,495.0835,2.2198,,,507.0127,,,-11.92919999999998,0,47
PISA,2006,GRC,reading,459.7112,4.013,,,472.2669,,,-12.555700000000002,0,47
PISA,2006,HKG,reading,536.0656,2.3932,,,509.5352,,,26.530400000000043,0,47
PISA,2006,HUN,reading,482.3745,3.2532,,,481.8697,,,0.5047999999999888,0,47
PISA,2006,IDN,reading,392.9328,5.9096,,,381.5904,,,11.342399999999998,0,47
PISA,2006,IRL,reading,517.3132,3.5099,,,515.4801,,,1.8331000000000586,0,47
PISA,2006,ISL,reading,484.4453,1.8829,,,491.747,,,-7.301700000000039,0,47
PISA,2006,ISR,reading,438.6723,4.549,,,,,,,0,47
PISA,2006,ITA,reading,468.5231,2.4109,,,475.6616,,,-7.138500000000022,0,47
PISA,2006,JPN,reading,497.9571,3.6224,,,498.1052,,,-0.14809999999999945,0,47
PISA,2006,KOR,reading,556.0219,3.7951,,,534.0913,,,21.930599999999913,0,47
PISA,2006,LIE,reading,510.4378,3.6305,,,525.075,,,-14.637200000000064,0,47
PISA,2006,LTU,reading,470.0708,2.949,,,,,,,0,47
PISA,2006,LUX,reading,479.3665,1.1943,,,479.4226,,,-0.056100000000014916,0,47
PISA,2006,LVA,reading,479.4918,3.6944,,,490.5625,,,-11.070699999999988,0,47
PISA,2006,MAC,reading,492.2878,0.9714,,,497.6401,,,-5.352300000000014,0,47
PISA,2006,MEX,reading,410.4965,3.0386,,,399.7219,,,10.77460000000002,0,47
PISA,2006,NLD,reading,506.747,2.8975,,,513.119,,,-6.372000000000014,0,47
PISA,2006,NOR,reading,484.2926,3.1494,,,499.7402,,,-15.447600000000023,0,47
PISA,2006,NZL,reading,521.0326,2.9577,,,521.5515,,,-0.5189000000000306,0,47
PISA,2006,POL,reading,507.6395,2.7585,,,496.6053,,,11.034199999999998,0,47
PISA,2006,PRT,reading,472.3043,3.535,,,477.5686,,,-5.2642999999999915,0,47
PISA,2006,RUS,reading,439.8557,4.3032,,,442.1968,,,-2.341099999999983,0,47
PISA,2006,SVK,reading,466.3498,3.0142,,,469.159,,,-2.8091999999999757,0,47
PISA,2006,SVN,reading,494.409,0.9292,,,,,,,0,47
PISA,2006,SWE,reading,507.3129,3.3959,,,514.2674,,,-6.954499999999939,0,47
PISA,2006,THA,reading,416.7518,2.5627,,,419.9148,,,-3.163000000000011,0,47
PISA,2006,TUN,reading,380.3368,3.9779,,,374.6224,,,5.714399999999955,0,47
PISA,2006,TUR,reading,447.1411,4.175,,,440.971,,,6.170099999999991,0,47
PISA,2006,TWN,reading,496.2354,3.3588,,,,,,,0,47
PISA,2006,URY,reading,412.5167,3.3642,,,434.1498,,,-21.633100000000013,0,47
PISA,2006,USA,reading,9997.0,0.0,,,495.1859,,,9501.8141,0,47
PISA,2009,ARG,reading,398.2609,4.6159,662.7472,662.7472,373.7238,-264.4863,-264.4863,24.53710000000001,47,61
PISA,2009,AUS,reading,514.9007,2.3262,685.0895,685.0895,512.8933,-170.18880000000001,-170.18880000000001,2.007400000000075,47,61
PISA,2009,AUT,reading,470.2836,2.9273,681.7256,681.7256,490.194,-211.442,-211.442,-19.91040000000004,47,61
PISA,2009,AZE,reading,361.5153,3.3063,660.5953,660.5953,352.8919,-299.0799999999999,-299.0799999999999,8.623400000000004,47,61
PISA,2009,BEL,reading,505.9458,2.3356,683.0676,683.0676,500.9006,-177.12179999999995,-177.12179999999995,5.0452000000000226,47,61
PISA,2009,BGR,reading,429.0811,6.667,667.8728,667.8728,401.935,-238.7917,-238.7917,27.14609999999999,47,61
PISA,2009,BRA,reading,411.7549,2.7129,664.8911,664.8911,392.8851,-253.13620000000003,-253.13620000000003,18.869799999999998,47,61
PISA,2009,CAN,reading,524.2418,1.4635,687.0807,687.0807,527.0113,-162.83889999999997,-162.83889999999997,-2.7694999999999936,47,61
PISA,2009,CHE,reading,500.5002,2.4241,682.9816,682.9816,499.2778,-182.48139999999995,-182.48139999999995,1.2223999999999933,47,61
PISA,2009,CHL,reading,449.3696,3.1092,672.7386,672.7386,442.0913,-223.36900000000003,-223.36900000000003,7.2783000000000015,47,61
PISA,2009,COL,reading,413.1815,3.7173,663.917,663.917,385.308,-250.7355,-250.7355,27.873500000000035,47,61
PISA,2009,CZE,reading,478.1867,2.8726,680.9493,680.9493,482.7152,-202.76260000000002,-202.76260000000002,-4.528500000000008,47,61
PISA,2009,DEU,reading,497.3051,2.6301,682.4521,682.4521,494.9444,-185.147,-185.147,2.3607000000000085,47,61
PISA,2009,DNK,reading,494.9162,2.048,681.7263,681.7263,494.483,-186.81010000000003,-186.81010000000003,0.43319999999999936,47,61
PISA,2009,ESP,reading,481.0423,2.0047,677.2666,677.2666,460.8301,-196.22430000000003,-196.22430000000003,20.212199999999996,47,61
PISA,2009,EST,reading,500.9619,2.6107,683.7917,683.7917,500.7498,-182.82979999999998,-182.82979999999998,0.21210000000002083,47,61
PISA,2009,FIN,reading,535.878,2.2247,690.6315,690.6315,546.8683,-154.75349999999992,-154.75349999999992,-10.990299999999934,47,61
PISA,2009,FRA,reading,495.6165,3.4271,680.7869,680.7869,487.7062,-185.17039999999997,-185.17039999999997,7.91029999999995,47,61
PISA,2009,GBR,reading,494.182,2.2545,682.3804,682.3804,495.0835,-188.1984,-188.1984,-0.9014999999999986,47,61
PISA,2009,GEO,reading,374.2598,2.8514,679.929,679.929,,-305.6692,-305.6692,,47,61
PISA,2009,GRC,reading,482.7762,4.3003,676.4382,676.4382,459.7112,-193.66200000000003,-193.66200000000003,23.064999999999998,47,61
PISA,2009,HKG,reading,533.1513,2.0926,688.5703,688.5703,536.0656,-155.41899999999998,-155.41899999999998,-2.9143000000000256,47,61
PISA,2009,HRV,reading,475.7489,2.8522,679.3059,679.3059,477.3642,-203.55699999999996,-203.55699999999996,-1.6152999999999906,47,61
PISA,2009,HUN,reading,494.1788,3.1569,680.4518,680.4518,482.3745,-186.27300000000002,-186.27300000000002,11.804300000000012,47,61
PISA,2009,IDN,reading,401.7052,3.7217,665.1568,665.1568,392.9328,-263.4516,-263.4516,8.772400000000005,47,61
PISA,2009,IRL,reading,495.6391,2.9493,684.7987,684.7987,517.3132,-189.15960000000007,-189.15960000000007,-21.674100000000067,47,61
PISA,2009,ISL,reading,500.2833,1.356,680.3054,680.3054,484.4453,-180.02209999999997,-180.02209999999997,15.838000000000022,47,61
PISA,2009,ISR,reading,473.99,3.6163,673.123,673.123,438.6723,-199.13300000000004,-199.13300000000004,35.3177,47,61
PISA,2009,ITA,reading,486.0511,1.5601,677.5672,677.5672,468.5231,-191.51609999999994,-191.51609999999994,17.52800000000002,47,61
PISA,2009,JOR,reading,405.0093,3.2915,667.0681,667.0681,400.5812,-262.05879999999996,-262.05879999999996,4.428099999999972,47,61
PISA,2009,JPN,reading,519.8577,3.4514,683.5196,683.5196,497.9571,-163.66189999999995,-163.66189999999995,21.900599999999997,47,61
PISA,2009,KGZ,reading,314.0199,3.1667,649.2275,649.2275,284.7066,-335.20759999999996,-335.20759999999996,29.313300000000027,47,61
PISA,2009,KOR,reading,539.2675,3.4465,690.1753,690.1753,556.0219,-150.90779999999995,-150.90779999999995,-16.75439999999992,47,61
PISA,2009,LIE,reading,499.3221,2.5845,684.659,684.659,510.4378,-185.3369,-185.3369,-11.115700000000004,47,61
PISA,2009,LTU,reading,468.4427,2.3652,678.3803,678.3803,470.0708,-209.93760000000003,-209.93760000000003,-1.6281000000000176,47,61
PISA,2009,LUX,reading,472.1734,1.1894,679.438,679.438,479.3665,-207.26459999999997,-207.26459999999997,-7.1930999999999585,47,61
PISA,2009,LVA,reading,483.9601,2.9318,679.5467,679.5467,479.4918,-195.58659999999998,-195.58659999999998,4.468299999999999,47,61
PISA,2009,MAC,reading,486.6353,0.8379,682.1023,682.1023,492.2878,-195.46700000000004,-195.46700000000004,-5.652500000000032,47,61
PISA,2009,MDA,reading,388.0777,2.811,679.929,679.929,,-291.8513,-291.8513,,47,61
PISA,2009,MEX,reading,425.2653,1.9445,667.9223,667.9223,410.4965,-242.65699999999993,-242.65699999999993,14.768799999999999,47,61
PISA,2009,MNE,reading,407.5478,1.6581,665.7787,665.7787,391.9754,-258.23089999999996,-258.23089999999996,15.572400000000016,47,61
PISA,2009,NLD,reading,508.4037,5.1358,684.3626,684.3626,506.747,-175.95890000000003,-175.95890000000003,1.6567000000000007,47,61
PISA,2009,NOR,reading,503.23,2.5566,680.0245,680.0245,484.2926,-176.79449999999997,-176.79449999999997,18.937400000000025,47,61
PISA,2009,NZL,reading,520.88,2.3314,686.1917,686.1917,521.0326,-165.31169999999997,-165.31169999999997,-0.15260000000000673,47,61
PISA,2009,POL,reading,500.4785,2.5819,683.229,683.229,507.6395,-182.75050000000005,-182.75050000000005,-7.161000000000001,47,61
PISA,2009,PRT,reading,489.3349,3.05,678.0017,678.0017,472.3043,-188.66680000000002,-188.66680000000002,17.030599999999993,47,61
PISA,2009,QAT,reading,371.716,0.7074,653.5275,653.5275,312.2135,-281.8115,-281.8115,59.5025,47,61
PISA,2009,ROU,reading,424.4583,4.0777,666.5926,666.5926,395.9317,-242.13429999999994,-242.13429999999994,28.52660000000003,47,61
PISA,2009,RUS,reading,459.3959,3.3162,674.4364,674.4364,439.8557,-215.04050000000007,-215.04050000000007,19.54019999999997,47,61
PISA,2009,SGP,reading,525.8965,1.0032,679.929,679.929,,-154.03250000000003,-154.03250000000003,,47,61
PISA,2009,SRB,reading,442.0167,2.4151,667.9698,667.9698,401.0275,-225.95309999999995,-225.95309999999995,40.98920000000004,47,61
PISA,2009,SVK,reading,477.4434,2.5212,677.9978,677.9978,466.3498,-200.5544,-200.5544,11.09359999999998,47,61
PISA,2009,SVN,reading,483.082,0.9698,682.511,682.511,494.409,-199.42899999999997,-199.42899999999997,-11.326999999999998,47,61
PISA,2009,SWE,reading,497.4494,2.8591,683.4418,683.4418,507.3129,-185.99239999999992,-185.99239999999992,-9.863499999999988,47,61
PISA,2009,THA,reading,421.3744,2.6219,669.1564,669.1564,416.7518,-247.78199999999998,-247.78199999999998,4.622599999999977,47,61
PISA,2009,TTO,reading,416.4523,1.1549,679.929,679.929,,-263.4767,-263.4767,,47,61
PISA,2009,TUN,reading,403.6327,2.851,663.2078,663.2078,380.3368,-259.5751,-259.5751,23.295900000000017,47,61
PISA,2009,TUR,reading,464.1944,3.5061,672.8848,672.8848,447.1411,-208.69040000000007,-208.69040000000007,17.05329999999998,47,61
PISA,2009,TWN,reading,495.2405,2.5783,683.5321,683.5321,496.2354,-188.29160000000002,-188.29160000000002,-0.9949000000000296,47,61
PISA,2009,URY,reading,425.8134,2.5795,668.9869,668.9869,412.5167,-243.1735,-243.1735,13.296699999999987,47,61
PISA,2009,USA,reading,499.8268,3.6329,1799.991,1799.991,9997.0,-1300.1642,-1300.1642,-9497.1732,47,61
PISA,2012,ALB,reading,393.9643,3.1177,542.1704,542.1704,384.8166,-148.2061,-148.2061,9.147699999999986,108,63
PISA,2012,ARE,reading,441.7037,2.4796,550.4379,550.4379,431.4161,-108.73419999999999,-108.73419999999999,10.287600000000054,108,63
PISA,2012,ARG,reading,395.9791,3.6722,544.0365,544.0365,398.2609,-148.05740000000003,-148.05740000000003,-2.2817999999999756,108,63
PISA,2012,AUS,reading,511.804,1.5617,566.8826,566.8826,514.9007,-55.07860000000005,-55.07860000000005,-3.0967000000000553,108,63
PISA,2012,AUT,reading,489.6093,2.7377,561.9858,561.9858,470.2836,-72.37650000000002,-72.37650000000002,19.32570000000004,108,63
PISA,2012,BEL,reading,508.6179,2.233,564.7093,564.7093,505.9458,-56.091399999999965,-56.091399999999965,2.6721000000000004,108,63
PISA,2012,BGR,reading,436.1257,6.0053,551.1025,551.1025,429.0811,-114.97679999999997,-114.97679999999997,7.044600000000003,108,63
PISA,2012,BRA,reading,406.5332,2.0119,544.3634,544.3634,411.7549,-137.83019999999993,-137.83019999999993,-5.2216999999999985,108,63
PISA,2012,CAN,reading,523.124,1.9056,567.9408,567.9408,524.2418,-44.816799999999944,-44.816799999999944,-1.1177999999999884,108,63
PISA,2012,CHE,reading,509.0402,2.5451,567.1524,567.1524,500.5002,-58.112199999999916,-58.112199999999916,8.54000000000002,108,63
PISA,2012,CHL,reading,441.3982,2.8806,551.4731,551.4731,449.3696,-110.07490000000007,-110.07490000000007,-7.971400000000017,108,63
PISA,2012,CHN,reading,569.5884,2.8391,578.2327,578.2327,555.8281,-8.644300000000044,-8.644300000000044,13.76030000000003,108,63
PISA,2012,COL,reading,403.4025,3.4243,543.6059,543.6059,413.1815,-140.20340000000004,-140.20340000000004,-9.779000000000053,108,63
PISA,2012,CRI,reading,440.5478,3.4732,548.7852,548.7852,442.5809,-108.23740000000004,-108.23740000000004,-2.0330999999999904,108,63
PISA,2012,CZE,reading,492.8897,2.8353,562.4273,562.4273,478.1867,-69.53759999999994,-69.53759999999994,14.703000000000031,108,63
PISA,2012,DEU,reading,507.6765,2.7992,566.0303,566.0303,497.3051,-58.353800000000035,-58.353800000000035,10.371399999999994,108,63
PISA,2012,DNK,reading,496.1309,2.6253,563.0565,563.0565,494.9162,-66.92560000000003,-66.92560000000003,1.2146999999999935,108,63
PISA,2012,ESP,reading,487.9392,1.8855,560.4217,560.4217,481.0423,-72.48249999999996,-72.48249999999996,6.8969000000000165,108,63
PISA,2012,EST,reading,516.2942,2.0008,566.7854,566.7854,500.9619,-50.491199999999935,-50.491199999999935,15.332300000000032,108,63
PISA,2012,FIN,reading,524.0217,2.3469,571.6837,571.6837,535.878,-47.662000000000035,-47.662000000000035,-11.856300000000033,108,63
PISA,2012,FRA,reading,505.4815,2.7943,562.4639,562.4639,495.6165,-56.982399999999984,-56.982399999999984,9.865000000000009,108,63
PISA,2012,GBR,reading,499.3231,3.4746,563.8257,563.8257,494.182,-64.50259999999997,-64.50259999999997,5.1410999999999945,108,63
PISA,2012,GRC,reading,477.1972,3.225,557.1904,557.1904,482.7762,-79.99319999999994,-79.99319999999994,-5.579000000000008,108,63
PISA,2012,HKG,reading,544.6001,2.767,572.1559,572.1559,533.1513,-27.555799999999977,-27.555799999999977,11.448800000000006,108,63
PISA,2012,HRV,reading,484.565,3.2894,558.5069,558.5069,475.7489,-73.94189999999998,-73.94189999999998,8.816100000000006,108,63
PISA,2012,HUN,reading,488.4613,3.1374,562.4627,562.4627,494.1788,-74.00140000000005,-74.00140000000005,-5.71750000000003,108,63
PISA,2012,IDN,reading,396.1201,4.1874,540.8363,540.8363,401.7052,-144.71620000000007,-144.71620000000007,-5.585100000000011,108,63
PISA,2012,IRL,reading,523.1732,2.528,562.8209,562.8209,495.6391,-39.6477000000001,-39.6477000000001,27.534099999999967,108,63
PISA,2012,ISL,reading,482.5224,1.7283,562.8958,562.8958,500.2833,-80.3734,-80.3734,-17.760899999999992,108,63
PISA,2012,ISR,reading,485.8032,4.983,554.1407,554.1407,473.99,-68.33750000000003,-68.33750000000003,11.813199999999995,108,63
PISA,2012,ITA,reading,489.7544,1.9605,560.4402,560.4402,486.0511,-70.68580000000003,-70.68580000000003,3.703299999999956,108,63
PISA,2012,JOR,reading,399.0347,3.5394,545.5098,545.5098,405.0093,-146.47510000000005,-146.47510000000005,-5.9746000000000095,108,63
PISA,2012,JPN,reading,538.0515,3.6539,569.2642,569.2642,519.8577,-31.212699999999927,-31.212699999999927,18.19380000000001,108,63
PISA,2012,KAZ,reading,392.7362,2.657,545.2108,545.2108,390.4101,-152.47459999999995,-152.47459999999995,2.3260999999999967,108,63
PISA,2012,KOR,reading,535.7905,3.9286,570.3536,570.3536,539.2675,-34.56310000000008,-34.56310000000008,-3.477000000000089,108,63
PISA,2012,LIE,reading,515.5217,3.8189,567.6673,567.6673,499.3221,-52.145599999999945,-52.145599999999945,16.199600000000032,108,63
PISA,2012,LTU,reading,477.3066,2.456,560.2672,560.2672,468.4427,-82.9606,-82.9606,8.863900000000001,108,63
PISA,2012,LUX,reading,487.807,1.4797,560.3605,560.3605,472.1734,-72.55349999999999,-72.55349999999999,15.633600000000001,108,63
PISA,2012,LVA,reading,488.6944,2.3354,560.9188,560.9188,483.9601,-72.22440000000006,-72.22440000000006,4.734299999999962,108,63
PISA,2012,MAC,reading,508.9493,0.8292,565.9302,565.9302,486.6353,-56.98090000000002,-56.98090000000002,22.31400000000002,108,63
PISA,2012,MEX,reading,423.5538,1.4994,547.8737,547.8737,425.2653,-124.31989999999996,-124.31989999999996,-1.711500000000001,108,63
PISA,2012,MNE,reading,422.1114,1.0841,545.1309,545.1309,407.5478,-123.0195,-123.0195,14.563600000000008,108,63
PISA,2012,MYS,reading,398.1961,3.3065,547.5274,547.5274,413.812,-149.33129999999994,-149.33129999999994,-15.61590000000001,108,63
PISA,2012,NLD,reading,511.23,3.4414,567.1721,567.1721,508.4037,-55.94209999999998,-55.94209999999998,2.8263000000000034,108,63
PISA,2012,NOR,reading,503.9367,3.1849,562.7255,562.7255,503.23,-58.78880000000004,-58.78880000000004,0.7066999999999553,108,63
PISA,2012,NZL,reading,512.1868,2.3554,567.7546,567.7546,520.88,-55.567800000000034,-55.567800000000034,-8.693200000000047,108,63
PISA,2012,PER,reading,384.1512,4.3241,538.9634,538.9634,369.6958,-154.81219999999996,-154.81219999999996,14.455399999999997,108,63
PISA,2012,POL,reading,518.1869,3.1122,563.3856,563.3856,500.4785,-45.19869999999992,-45.19869999999992,17.70840000000004,108,63
PISA,2012,PRT,reading,487.7577,3.7334,561.1749,561.1749,489.3349,-73.41719999999998,-73.41719999999998,-1.5772000000000048,108,63
PISA,2012,QAT,reading,387.5041,0.7461,540.2757,540.2757,371.716,-152.77160000000003,-152.77160000000003,15.788099999999986,108,63
PISA,2012,ROU,reading,437.5995,3.9534,549.8271,549.8271,424.4583,-112.2276,-112.2276,13.14119999999997,108,63
PISA,2012,RUS,reading,475.1494,2.9421,558.2097,558.2097,459.3959,-83.06029999999998,-83.06029999999998,15.753500000000031,108,63
PISA,2012,SGP,reading,542.2158,1.325,571.9075,571.9075,525.8965,-29.691700000000083,-29.691700000000083,16.3193,108,63
PISA,2012,SRB,reading,446.1302,3.4111,552.5171,552.5171,442.0167,-106.38690000000003,-106.38690000000003,4.113499999999988,108,63
PISA,2012,SVK,reading,462.767,4.1545,561.5994,561.5994,477.4434,-98.83239999999995,-98.83239999999995,-14.676400000000001,108,63
PISA,2012,SVN,reading,481.3163,1.1646,564.276,564.276,483.082,-82.95969999999994,-82.95969999999994,-1.7656999999999812,108,63
PISA,2012,SWE,reading,483.335,2.9608,561.9401,561.9401,497.4494,-78.60510000000005,-78.60510000000005,-14.114400000000046,108,63
PISA,2012,THA,reading,441.2199,3.0617,548.8982,548.8982,421.3744,-107.67829999999998,-107.67829999999998,19.845500000000015,108,63
PISA,2012,TUN,reading,404.0785,4.485,542.8105,542.8105,403.6327,-138.73200000000003,-138.73200000000003,0.44580000000001974,108,63
PISA,2012,TUR,reading,475.4915,4.1996,553.9391,553.9391,464.1944,-78.44760000000008,-78.44760000000008,11.2971,108,63
PISA,2012,TWN,reading,523.1189,3.0116,568.2418,568.2418,495.2405,-45.12289999999996,-45.12289999999996,27.878400000000056,108,63
PISA,2012,URY,reading,411.3489,3.1232,549.6962,549.6962,425.8134,-138.34729999999996,-138.34729999999996,-14.464499999999987,108,63
PISA,2012,USA,reading,497.5817,3.7243,562.1899,562.1899,499.8268,-64.60819999999995,-64.60819999999995,-2.2450999999999794,108,63
PISA,2015,ALB,reading,405.2588,4.1302,507.6882,507.6882,393.9643,-102.42939999999999,-102.42939999999999,11.294500000000028,171,57
PISA,2015,ARE,reading,433.5423,2.8706,519.0927,519.0927,441.7037,-85.55040000000002,-85.55040000000002,-8.161400000000015,171,57
PISA,2015,AUS,reading,502.9006,1.6909,536.8379,536.8379,511.804,-33.93729999999999,-33.93729999999999,-8.903399999999976,171,57
PISA,2015,AUT,reading,484.8656,2.8353,534.753,534.753,489.6093,-49.88740000000007,-49.88740000000007,-4.743700000000047,171,57
PISA,2015,BEL,reading,498.5242,2.4157,535.5718,535.5718,508.6179,-37.047600000000045,-37.047600000000045,-10.093700000000013,171,57
PISA,2015,BGR,reading,431.7175,4.9977,519.3192,519.3192,436.1257,-87.60170000000005,-87.60170000000005,-4.408200000000022,171,57
PISA,2015,BRA,reading,407.3486,2.7502,507.681,507.681,406.5332,-100.3324,-100.3324,0.8153999999999542,171,57
PISA,2015,CAN,reading,526.6678,2.3009,538.862,538.862,523.124,-12.19419999999991,-12.19419999999991,3.543800000000033,171,57
PISA,2015,CHE,reading,492.1982,3.031,538.773,538.773,509.0402,-46.57480000000004,-46.57480000000004,-16.84200000000004,171,57
PISA,2015,CHL,reading,458.5709,2.5849,517.4106,517.4106,441.3982,-58.83970000000005,-58.83970000000005,17.17270000000002,171,57
PISA,2015,COL,reading,424.9052,2.9447,506.0007,506.0007,403.4025,-81.09550000000002,-81.09550000000002,21.502700000000004,171,57
PISA,2015,CRI,reading,427.4875,2.635,513.56,513.56,440.5478,-86.07249999999993,-86.07249999999993,-13.060299999999984,171,57
PISA,2015,CZE,reading,487.2501,2.5997,534.4188,534.4188,492.8897,-47.16870000000006,-47.16870000000006,-5.63960000000003,171,57
PISA,2015,DEU,reading,509.1041,3.0185,538.1941,538.1941,507.6765,-29.090000000000032,-29.090000000000032,1.4276000000000408,171,57
PISA,2015,DNK,reading,499.8146,2.5445,533.1396,533.1396,496.1309,-33.32499999999999,-33.32499999999999,3.6836999999999875,171,57
PISA,2015,ESP,reading,495.5764,2.3638,531.2002,531.2002,487.9392,-35.62380000000002,-35.62380000000002,7.63719999999995,171,57
PISA,2015,EST,reading,519.1429,2.2177,541.3825,541.3825,516.2942,-22.239599999999996,-22.239599999999996,2.848700000000008,171,57
PISA,2015,FIN,reading,526.4247,2.5466,541.7675,541.7675,524.0217,-15.342800000000011,-15.342800000000011,2.40300000000002,171,57
PISA,2015,FRA,reading,499.3061,2.507,532.6822,532.6822,505.4815,-33.37609999999995,-33.37609999999995,-6.175399999999968,171,57
PISA,2015,GBR,reading,497.9719,2.7694,534.7183,534.7183,499.3231,-36.746399999999994,-36.746399999999994,-1.3512000000000057,171,57
PISA,2015,GRC,reading,467.0395,4.3387,523.693,523.693,477.1972,-56.65350000000001,-56.65350000000001,-10.157700000000034,171,57
PISA,2015,HKG,reading,526.6753,2.6885,547.5815,547.5815,544.6001,-20.906200000000013,-20.906200000000013,-17.924800000000005,171,57
PISA,2015,HRV,reading,486.8632,2.6768,529.0928,529.0928,484.565,-42.229600000000005,-42.229600000000005,2.2982000000000085,171,57
PISA,2015,HUN,reading,469.5233,2.6591,530.1323,530.1323,488.4613,-60.60899999999998,-60.60899999999998,-18.937999999999988,171,57
PISA,2015,IDN,reading,397.2595,2.8658,503.4791,503.4791,396.1201,-106.21960000000001,-106.21960000000001,1.1394000000000233,171,57
PISA,2015,IRL,reading,520.8148,2.4661,536.6337,536.6337,523.1732,-15.818899999999985,-15.818899999999985,-2.3583999999999605,171,57
PISA,2015,ISL,reading,481.5255,1.985,529.498,529.498,482.5224,-47.972500000000025,-47.972500000000025,-0.9968999999999824,171,57
PISA,2015,ISR,reading,478.9606,3.7766,525.5888,525.5888,485.8032,-46.62819999999999,-46.62819999999999,-6.8426000000000045,171,57
PISA,2015,ITA,reading,484.758,2.6814,530.8943,530.8943,489.7544,-46.13630000000006,-46.13630000000006,-4.996399999999994,171,57
PISA,2015,JOR,reading,408.1022,2.9252,508.4711,508.4711,399.0347,-100.3689,-100.3689,9.067499999999995,171,57
PISA,2015,JPN,reading,515.9585,3.1972,543.8088,543.8088,538.0515,-27.85030000000006,-27.85030000000006,-22.093000000000075,171,57
PISA,2015,KOR,reading,517.4367,3.5047,544.3644,544.3644,535.7905,-26.927700000000073,-26.927700000000073,-18.35379999999998,171,57
PISA,2015,LTU,reading,472.4066,2.7359,530.5149,530.5149,477.3066,-58.108299999999986,-58.108299999999986,-4.899999999999977,171,57
PISA,2015,LUX,reading,481.4391,1.4414,531.0396,531.0396,487.807,-49.600499999999954,-49.600499999999954,-6.36790000000002,171,57
PISA,2015,LVA,reading,487.7581,1.802,532.6706,532.6706,488.6944,-44.91250000000002,-44.91250000000002,-0.9362999999999602,171,57
PISA,2015,MAC,reading,508.6905,1.2507,540.277,540.277,508.9493,-31.586500000000058,-31.586500000000058,-0.2588000000000079,171,57
PISA,2015,MEX,reading,423.2765,2.5836,512.1718,512.1718,423.5538,-88.89529999999996,-88.89529999999996,-0.2773000000000252,171,57
PISA,2015,MNE,reading,426.8845,1.5789,511.1042,511.1042,422.1114,-84.21969999999999,-84.21969999999999,4.7730999999999995,171,57
PISA,2015,NLD,reading,502.9591,2.4117,538.8948,538.8948,511.23,-35.935700000000054,-35.935700000000054,-8.27090000000004,171,57
PISA,2015,NOR,reading,513.1912,2.5093,531.4622,531.4622,503.9367,-18.271000000000072,-18.271000000000072,9.254500000000007,171,57
PISA,2015,NZL,reading,509.2707,2.4047,535.5455,535.5455,512.1868,-26.27479999999997,-26.27479999999997,-2.9160999999999717,171,57
PISA,2015,PER,reading,397.5414,2.887,501.4933,501.4933,384.1512,-103.95189999999997,-103.95189999999997,13.390199999999993,171,57
PISA,2015,POL,reading,505.6971,2.4848,538.8543,538.8543,518.1869,-33.15719999999999,-33.15719999999999,-12.48980000000006,171,57
PISA,2015,PRT,reading,498.1289,2.6936,530.4724,530.4724,487.7577,-32.343500000000006,-32.343500000000006,10.371199999999988,171,57
PISA,2015,QAT,reading,401.8873,1.0191,503.8627,503.8627,387.5041,-101.97540000000004,-101.97540000000004,14.383199999999988,171,57
PISA,2015,ROU,reading,433.6166,4.0674,518.8395,518.8395,437.5995,-85.22290000000004,-85.22290000000004,-3.9828999999999724,171,57
PISA,2015,RUS,reading,494.6278,3.0817,529.5335,529.5335,475.1494,-34.905700000000024,-34.905700000000024,19.478399999999965,171,57
PISA,2015,SGP,reading,535.1002,1.635,548.3777,548.3777,542.2158,-13.277500000000032,-13.277500000000032,-7.115599999999972,171,57
PISA,2015,SVK,reading,452.5143,2.8282,527.336,527.336,462.767,-74.82170000000002,-74.82170000000002,-10.252700000000004,171,57
PISA,2015,SVN,reading,505.2159,1.4729,535.4723,535.4723,481.3163,-30.256400000000042,-30.256400000000042,23.899599999999964,171,57
PISA,2015,SWE,reading,500.1556,3.4834,528.9124,528.9124,483.335,-28.756800000000055,-28.756800000000055,16.820600000000013,171,57
PISA,2015,THA,reading,409.1301,3.3489,517.7095,517.7095,441.2199,-108.57940000000002,-108.57940000000002,-32.08979999999997,171,57
PISA,2015,TUN,reading,361.0555,3.065,507.1023,507.1023,404.0785,-146.04680000000002,-146.04680000000002,-43.023000000000025,171,57
PISA,2015,TUR,reading,428.3351,3.9641,522.6996,522.6996,475.4915,-94.36450000000002,-94.36450000000002,-47.15639999999996,171,57
PISA,2015,URY,reading,436.5721,2.5499,511.8808,511.8808,411.3489,-75.30870000000004,-75.30870000000004,25.223199999999963,171,57
PISA,2015,USA,reading,496.9351,3.4075,531.0286,531.0286,497.5817,-34.093500000000006,-34.093500000000006,-0.6466000000000349,171,57
PISA,2015,VNM,reading,486.7738,3.7308,538.5741,538.5741,508.219,-51.80030000000005,-51.80030000000005,-21.4452,171,57
PISA,2022,ALB,reading,358.4348,1.9347,498.1035,498.1035,405.2588,-139.6687,-139.6687,-46.82400000000001,228,66
PISA,2022,ARE,reading,417.3497,1.3356,505.076,505.076,433.5423,-87.72630000000004,-87.72630000000004,-16.192600000000027,228,66
PISA,2022,AUS,reading,498.0509,2.0136,520.9943,520.9943,502.9006,-22.94339999999994,-22.94339999999994,-4.849699999999984,228,66
PISA,2022,AUT,reading,480.4058,2.6683,519.3411,519.3411,484.8656,-38.935299999999984,-38.935299999999984,-4.459799999999973,228,66
PISA,2022,BEL,reading,478.8527,2.5236,521.7318,521.7318,498.5242,-42.879099999999994,-42.879099999999994,-19.67149999999998,228,66
PISA,2022,BGR,reading,404.3037,3.3958,504.5596,504.5596,431.7175,-100.2559,-100.2559,-27.41379999999998,228,66
PISA,2022,BRA,reading,410.357,2.088,489.3908,489.3908,407.3486,-79.03379999999999,-79.03379999999999,3.0084000000000515,228,66
PISA,2022,CAN,reading,507.1329,1.9656,547.0981,547.0981,526.6678,-39.96520000000004,-39.96520000000004,-19.53490000000005,228,66
PISA,2022,CHE,reading,483.3317,2.2583,524.0631,524.0631,492.1982,-40.73139999999995,-40.73139999999995,-8.866499999999974,228,66
PISA,2022,CHL,reading,447.979,2.6326,461.6352,461.6352,458.5709,-13.656200000000013,-13.656200000000013,-10.59190000000001,228,66
PISA,2022,COL,reading,408.665,3.751,493.3587,493.3587,424.9052,-84.69369999999998,-84.69369999999998,-16.24019999999996,228,66
PISA,2022,CRI,reading,415.2331,2.6597,495.2988,495.2988,427.4875,-80.06570000000005,-80.06570000000005,-12.254400000000032,228,66
PISA,2022,CZE,reading,488.6037,2.2462,557.3003,557.3003,487.2501,-68.69659999999999,-68.69659999999999,1.3536000000000286,228,66
PISA,2022,DEU,reading,479.794,3.6091,552.8274,552.8274,509.1041,-73.03340000000003,-73.03340000000003,-29.310100000000034,228,66
PISA,2022,DNK,reading,488.801,2.5783,555.9799,555.9799,499.8146,-67.17890000000006,-67.17890000000006,-11.013599999999997,228,66
PISA,2022,DOM,reading,351.3123,2.4408,472.241,472.241,357.7377,-120.92869999999999,-120.92869999999999,-6.425400000000025,228,66
PISA,2022,ESP,reading,474.3071,1.6536,530.8351,530.8351,495.5764,-56.52800000000002,-56.52800000000002,-21.269299999999987,228,66
PISA,2022,EST,reading,511.0303,2.3606,528.4214,528.4214,519.1429,-17.391099999999938,-17.391099999999938,-8.112600000000043,228,66
PISA,2022,FIN,reading,490.2177,2.2554,590.0816,590.0816,526.4247,-99.8639,-99.8639,-36.20700000000005,228,66
PISA,2022,FRA,reading,473.8522,3.0745,518.8639,518.8639,499.3061,-45.01169999999996,-45.01169999999996,-25.453900000000033,228,66
PISA,2022,GBR,reading,494.4046,2.3713,521.0705,521.0705,497.9719,-26.665900000000022,-26.665900000000022,-3.567299999999989,228,66
PISA,2022,GEO,reading,373.8584,2.2879,418.0847,418.0847,401.2881,-44.22629999999998,-44.22629999999998,-27.42969999999997,228,66
PISA,2022,GRC,reading,438.4406,2.8336,507.5701,507.5701,467.0395,-69.12950000000001,-69.12950000000001,-28.598899999999958,228,66
PISA,2022,HKG,reading,499.7013,2.8485,615.1484,615.1484,526.6753,-115.44710000000003,-115.44710000000003,-26.97399999999999,228,66
PISA,2022,HRV,reading,475.4989,2.4424,541.8897,541.8897,486.8632,-66.39079999999996,-66.39079999999996,-11.364300000000014,228,66
PISA,2022,HUN,reading,472.9747,2.828,559.9823,559.9823,469.5233,-87.00760000000002,-87.00760000000002,3.4513999999999783,228,66
PISA,2022,IDN,reading,358.5699,2.9066,331.819,331.819,397.2595,26.7509,26.7509,-38.689599999999984,228,66
PISA,2022,IRL,reading,516.01,2.3326,557.6213,557.6213,520.8148,-41.61130000000003,-41.61130000000003,-4.8048,228,66
PISA,2022,ISL,reading,435.923,2.0676,514.7898,514.7898,481.5255,-78.86680000000001,-78.86680000000001,-45.60250000000002,228,66
PISA,2022,ISR,reading,473.8327,3.4873,511.2072,511.2072,478.9606,-37.37450000000001,-37.37450000000001,-5.127900000000011,228,66
PISA,2022,ITA,reading,481.5983,2.6802,528.8996,528.8996,484.758,-47.30129999999997,-47.30129999999997,-3.1596999999999866,228,66
PISA,2022,JOR,reading,342.1658,2.4013,501.3172,501.3172,408.1022,-159.15140000000002,-159.15140000000002,-65.93639999999999,228,66
PISA,2022,JPN,reading,515.8546,3.1769,621.5898,621.5898,515.9585,-105.73519999999996,-105.73519999999996,-0.10389999999995325,228,66
PISA,2022,KAZ,reading,386.2847,1.6634,572.4578,572.4578,,-186.17310000000003,-186.17310000000003,,228,66
PISA,2022,KOR,reading,515.4154,3.6323,652.5499,652.5499,517.4367,-137.1345,-137.1345,-2.0212999999999965,228,66
PISA,2022,KSV,reading,342.1944,1.0595,483.8855,483.8855,347.1259,-141.6911,-141.6911,-4.931500000000028,228,66
PISA,2022,LTU,reading,471.8342,2.2097,546.2426,546.2426,472.4066,-74.40840000000003,-74.40840000000003,-0.572400000000016,228,66
PISA,2022,LVA,reading,474.5687,2.46,516.7789,516.7789,487.7581,-42.21020000000004,-42.21020000000004,-13.189400000000035,228,66
PISA,2022,MAC,reading,510.4051,1.346,530.5448,530.5448,508.6905,-20.139700000000005,-20.139700000000005,1.7146000000000186,228,66
PISA,2022,MAR,reading,339.3649,3.9738,311.1174,311.1174,,28.247500000000002,28.247500000000002,,228,66
PISA,2022,MDA,reading,410.9354,2.5107,499.0439,499.0439,416.2293,-88.10849999999999,-88.10849999999999,-5.293900000000008,228,66
PISA,2022,MEX,reading,415.359,2.924,495.6456,495.6456,423.2765,-80.28660000000002,-80.28660000000002,-7.917500000000018,228,66
PISA,2022,MKD,reading,358.5221,0.8145,485.9393,485.9393,351.7415,-127.41719999999998,-127.41719999999998,6.7806000000000495,228,66
PISA,2022,MLT,reading,445.2988,1.9032,514.487,514.487,446.6661,-69.18819999999994,-69.18819999999994,-1.3672999999999433,228,66
PISA,2022,MNE,reading,405.0205,1.35,496.1848,496.1848,426.8845,-91.16429999999997,-91.16429999999997,-21.863999999999976,228,66
PISA,2022,MYS,reading,388.0878,2.7478,517.9636,517.9636,,-129.87580000000003,-129.87580000000003,,228,66
PISA,2022,NLD,reading,459.2429,4.2822,543.1168,543.1168,502.9591,-83.87389999999999,-83.87389999999999,-43.71619999999996,228,66
PISA,2022,NOR,reading,476.5239,2.542,569.5877,569.5877,513.1912,-93.06380000000001,-93.06380000000001,-36.667299999999955,228,66
PISA,2022,NZL,reading,500.853,2.1174,516.2654,516.2654,509.2707,-15.412399999999991,-15.412399999999991,-8.417699999999968,228,66
PISA,2022,PER,reading,408.2479,2.7278,489.9328,489.9328,397.5414,-81.68489999999997,-81.68489999999997,10.706500000000005,228,66
PISA,2022,POL,reading,488.7136,2.7401,521.333,521.333,505.6971,-32.619399999999985,-32.619399999999985,-16.983499999999992,228,66
PISA,2022,PRT,reading,476.5886,2.6632,532.5571,532.5571,498.1289,-55.968500000000006,-55.968500000000006,-21.540300000000002,228,66
PISA,2022,QAT,reading,419.3043,1.4479,400.4408,400.4408,401.8873,18.863499999999988,18.863499999999988,17.41700000000003,228,66
PISA,2022,ROU,reading,428.496,3.98,503.1761,503.1761,433.6166,-74.68010000000004,-74.68010000000004,-5.1206000000000245,228,66
PISA,2022,SAU,reading,382.551,1.9893,526.9609,526.9609,,-144.40990000000005,-144.40990000000005,,228,66
PISA,2022,SGP,reading,542.5533,1.8722,526.5893,526.5893,535.1002,15.964000000000055,15.964000000000055,7.453100000000063,228,66
PISA,2022,SRB,reading,440.355,2.7859,538.3408,538.3408,,-97.98579999999993,-97.98579999999993,,228,66
PISA,2022,SVK,reading,446.8606,3.1031,524.8888,524.8888,452.5143,-78.02819999999997,-78.02819999999997,-5.653700000000015,228,66
PISA,2022,SVN,reading,468.536,1.6444,565.8727,565.8727,505.2159,-97.33670000000001,-97.33670000000001,-36.679899999999975,228,66
PISA,2022,SWE,reading,486.9752,2.4899,561.2778,561.2778,500.1556,-74.30259999999998,-74.30259999999998,-13.18040000000002,228,66
PISA,2022,TAP,reading,515.1673,3.2513,530.9558,530.9558,497.0991,-15.788499999999999,-15.788499999999999,18.068199999999933,228,66
PISA,2022,THA,reading,378.663,2.8203,503.8649,503.8649,409.1301,-125.20189999999997,-125.20189999999997,-30.467100000000016,228,66
PISA,2022,TUR,reading,456.084,1.8522,468.1341,468.1341,428.3351,-12.050099999999986,-12.050099999999986,27.748899999999992,228,66
PISA,2022,URY,reading,430.3597,2.4051,500.0177,500.0177,436.5721,-69.65800000000002,-69.65800000000002,-6.212400000000002,228,66
PISA,2022,USA,reading,503.9376,4.3262,571.6114,571.6114,496.9351,-67.67380000000003,-67.67380000000003,7.002499999999998,228,66
PISA,2022,VNM,reading,461.888,3.9364,523.7676,523.7676,486.7738,-61.87960000000004,-61.87960000000004,-24.885800000000017,228,66
PISA,2025,ALB,reading,407.641,2.5698,464.0376,464.0376,358.4348,-56.39659999999998,-56.39659999999998,49.206200000000024,294,75
PISA,2025,ARE,reading,432.8108,1.6169,484.3253,484.3253,417.3497,-51.514500000000055,-51.514500000000055,15.461099999999988,294,75
PISA,2025,ARG,reading,388.7043,2.6915,471.2678,471.2678,400.744,-82.56350000000003,-82.56350000000003,-12.039700000000039,294,75
PISA,2025,AUS,reading,490.8633,1.8518,507.2211,507.2211,498.0509,-16.357799999999997,-16.357799999999997,-7.187600000000032,294,75
PISA,2025,AUT,reading,467.2117,2.5548,504.2247,504.2247,480.4058,-37.01299999999998,-37.01299999999998,-13.194099999999992,294,75
PISA,2025,BEL,reading,466.3396,3.0333,504.4266,504.4266,478.8527,-38.08699999999999,-38.08699999999999,-12.513100000000009,294,75
PISA,2025,BGR,reading,386.6448,3.9461,474.9124,474.9124,404.3037,-88.26760000000002,-88.26760000000002,-17.658900000000017,294,75
PISA,2025,BRA,reading,408.0083,2.0145,465.7067,465.7067,410.357,-57.69839999999999,-57.69839999999999,-2.348700000000008,294,75
PISA,2025,BRN,reading,425.6809,0.92,488.6517,488.6517,429.2319,-62.9708,-62.9708,-3.5509999999999877,294,75
PISA,2025,CAN,reading,489.8256,1.7808,510.256,510.256,507.1329,-20.430399999999963,-20.430399999999963,-17.307299999999998,294,75
PISA,2025,CHE,reading,470.0529,2.9209,509.5146,509.5146,483.3317,-39.46169999999995,-39.46169999999995,-13.27879999999999,294,75
PISA,2025,CHL,reading,435.6558,2.7595,483.6297,483.6297,447.979,-47.973900000000015,-47.973900000000015,-12.323199999999986,294,75
PISA,2025,COL,reading,399.2673,3.3084,467.437,467.437,408.665,-68.16970000000003,-68.16970000000003,-9.397700000000043,294,75
PISA,2025,CRI,reading,416.0353,2.7556,473.2679,473.2679,415.2331,-57.23259999999999,-57.23259999999999,0.8022000000000276,294,75
PISA,2025,CZE,reading,468.3567,2.676,505.4292,505.4292,488.6037,-37.07249999999999,-37.07249999999999,-20.247000000000014,294,75
PISA,2025,DEU,reading,465.2821,3.5622,503.6724,503.6724,479.794,-38.39029999999997,-38.39029999999997,-14.511899999999969,294,75
PISA,2025,DNK,reading,460.0095,2.373,505.0244,505.0244,488.801,-45.01490000000001,-45.01490000000001,-28.791499999999985,294,75
PISA,2025,DOM,reading,345.5421,2.5101,456.6529,456.6529,351.3123,-111.11079999999998,-111.11079999999998,-5.7701999999999884,294,75
PISA,2025,ESP,reading,451.3558,1.938,500.5412,500.5412,474.3071,-49.185400000000016,-49.185400000000016,-22.951300000000003,294,75
PISA,2025,EST,reading,499.2443,2.5339,517.3085,517.3085,511.0303,-18.06419999999997,-18.06419999999997,-11.786000000000001,294,75
PISA,2025,FIN,reading,474.2973,2.1202,507.5213,507.5213,490.2177,-33.22399999999999,-33.22399999999999,-15.920399999999972,294,75
PISA,2025,FRA,reading,456.3345,3.2442,501.045,501.045,473.8522,-44.710500000000025,-44.710500000000025,-17.51769999999999,294,75
PISA,2025,GBR,reading,494.2309,2.0214,506.1036,506.1036,494.4046,-11.872699999999952,-11.872699999999952,-0.17369999999999663,294,75
PISA,2025,GEO,reading,384.1786,2.4848,468.9042,468.9042,373.8584,-84.72559999999999,-84.72559999999999,10.3202,294,75
PISA,2025,GRC,reading,422.6626,3.1907,485.8859,485.8859,438.4406,-63.223299999999995,-63.223299999999995,-15.77800000000002,294,75
PISA,2025,GTM,reading,337.0808,2.4981,459.8449,459.8449,374.1219,-122.76409999999998,-122.76409999999998,-37.04109999999997,294,75
PISA,2025,HKG,reading,480.1207,3.1987,517.8514,517.8514,499.7013,-37.73070000000001,-37.73070000000001,-19.580600000000004,294,75
PISA,2025,HRV,reading,453.3873,1.7813,500.6599,500.6599,475.4989,-47.27260000000001,-47.27260000000001,-22.11160000000001,294,75
PISA,2025,HUN,reading,452.3063,2.3375,500.9939,500.9939,472.9747,-48.687599999999975,-48.687599999999975,-20.668399999999963,294,75
PISA,2025,IDN,reading,365.2053,2.4528,464.9459,464.9459,358.5699,-99.74059999999997,-99.74059999999997,6.635400000000004,294,75
PISA,2025,IRL,reading,500.4472,2.0345,507.3314,507.3314,516.01,-6.884199999999964,-6.884199999999964,-15.562799999999982,294,75
PISA,2025,ISL,reading,422.2851,1.6164,491.4194,491.4194,435.923,-69.1343,-69.1343,-13.637900000000002,294,75
PISA,2025,ISR,reading,435.8378,3.5238,494.7061,494.7061,473.8327,-58.86829999999998,-58.86829999999998,-37.99489999999997,294,75
PISA,2025,ITA,reading,474.2896,2.5983,500.1403,500.1403,481.5983,-25.850700000000018,-25.850700000000018,-7.3086999999999875,294,75
PISA,2025,JOR,reading,362.5982,2.0884,462.6839,462.6839,342.1658,-100.08569999999997,-100.08569999999997,20.43240000000003,294,75
PISA,2025,JPN,reading,502.7145,3.7778,522.1529,522.1529,515.8546,-19.43840000000006,-19.43840000000006,-13.140100000000018,294,75
PISA,2025,KAZ,reading,384.7981,1.5188,481.7466,481.7466,386.2847,-96.94850000000002,-96.94850000000002,-1.48660000000001,294,75
PISA,2025,KHM,reading,347.2263,1.5005,453.6721,453.6721,328.8428,-106.44580000000002,-106.44580000000002,18.38349999999997,294,75
PISA,2025,KOR,reading,500.5606,3.4458,517.3076,517.3076,515.4154,-16.746999999999957,-16.746999999999957,-14.854799999999955,294,75
PISA,2025,KSV,reading,340.4644,1.2916,458.3936,458.3936,342.1944,-117.92919999999998,-117.92919999999998,-1.7299999999999613,294,75
PISA,2025,LTU,reading,464.0538,1.9142,500.7531,500.7531,471.8342,-36.699299999999994,-36.699299999999994,-7.780399999999986,294,75
PISA,2025,LVA,reading,429.6787,2.0282,502.0299,502.0299,474.5687,-72.3512,-72.3512,-44.889999999999986,294,75
PISA,2025,MAC,reading,501.0536,1.1555,523.946,523.946,510.4051,-22.89240000000001,-22.89240000000001,-9.351499999999987,294,75
PISA,2025,MAR,reading,321.1271,3.4833,461.4736,461.4736,339.3649,-140.3465,-140.3465,-18.237799999999993,294,75
PISA,2025,MDA,reading,403.7011,2.898,478.8698,478.8698,410.9354,-75.1687,-75.1687,-7.234300000000019,294,75
PISA,2025,MEX,reading,407.9376,2.1598,474.6412,474.6412,415.359,-66.70360000000005,-66.70360000000005,-7.4214000000000055,294,75
PISA,2025,MKD,reading,357.4437,0.9933,467.866,467.866,358.5221,-110.4223,-110.4223,-1.0784000000000447,294,75
PISA,2025,MLT,reading,414.6257,1.6079,496.0612,496.0612,445.2988,-81.43549999999999,-81.43549999999999,-30.673100000000034,294,75
PISA,2025,MNE,reading,418.3713,1.2157,474.9398,474.9398,405.0205,-56.56849999999997,-56.56849999999997,13.350799999999992,294,75
PISA,2025,MNG,reading,374.2527,1.7494,479.5503,479.5503,378.4199,-105.29759999999999,-105.29759999999999,-4.16719999999998,294,75
PISA,2025,MYS,reading,392.7719,2.1576,477.9022,477.9022,388.0878,-85.13029999999998,-85.13029999999998,4.684100000000001,294,75
PISA,2025,NLD,reading,441.3449,2.8949,504.0736,504.0736,459.2429,-62.7287,-62.7287,-17.898000000000025,294,75
PISA,2025,NOR,reading,452.8013,2.0869,500.4209,500.4209,476.5239,-47.61959999999999,-47.61959999999999,-23.7226,294,75
PISA,2025,NZL,reading,497.0445,2.4204,505.4632,505.4632,500.853,-8.418699999999944,-8.418699999999944,-3.808499999999981,294,75
PISA,2025,PER,reading,390.1372,2.9089,473.6555,473.6555,408.2479,-83.51830000000001,-83.51830000000001,-18.11070000000001,294,75
PISA,2025,PHL,reading,366.9185,2.371,458.1985,458.1985,346.5474,-91.28000000000003,-91.28000000000003,20.371100000000013,294,75
PISA,2025,POL,reading,481.5374,2.8471,509.8521,509.8521,488.7136,-28.314700000000016,-28.314700000000016,-7.176199999999994,294,75
PISA,2025,PRT,reading,462.0274,3.2281,500.5776,500.5776,476.5886,-38.55020000000002,-38.55020000000002,-14.561199999999985,294,75
PISA,2025,PRY,reading,352.2158,2.0279,457.9503,457.9503,373.1557,-105.73450000000003,-105.73450000000003,-20.939900000000023,294,75
PISA,2025,PSE,reading,349.8762,1.8665,462.2861,462.2861,349.1571,-112.4099,-112.4099,0.719099999999969,294,75
PISA,2025,QAT,reading,418.0284,1.3535,481.8333,481.8333,419.3043,-63.80490000000003,-63.80490000000003,-1.2759000000000356,294,75
PISA,2025,ROU,reading,412.9495,3.9783,482.9782,482.9782,428.496,-70.02870000000001,-70.02870000000001,-15.54649999999998,294,75
PISA,2025,SAU,reading,387.2841,2.381,469.933,469.933,382.551,-82.64889999999997,-82.64889999999997,4.733100000000036,294,75
PISA,2025,SGP,reading,534.9,1.9405,530.9291,530.9291,542.5533,3.9709000000000287,3.9709000000000287,-7.653300000000058,294,75
PISA,2025,SLV,reading,366.4317,2.283,459.7573,459.7573,364.9036,-93.32560000000001,-93.32560000000001,1.528099999999995,294,75
PISA,2025,SRB,reading,414.5985,3.3727,488.636,488.636,440.355,-74.03750000000002,-74.03750000000002,-25.756500000000017,294,75
PISA,2025,SVK,reading,447.9671,2.5611,494.0797,494.0797,446.8606,-46.112599999999986,-46.112599999999986,1.1065000000000396,294,75
PISA,2025,SVN,reading,444.7476,1.294,504.6848,504.6848,468.536,-59.93720000000002,-59.93720000000002,-23.788400000000024,294,75
PISA,2025,SWE,reading,466.4363,3.1495,508.6469,508.6469,486.9752,-42.2106,-42.2106,-20.538899999999956,294,75
PISA,2025,TAP,reading,507.788,2.945,522.1292,522.1292,515.1673,-14.341199999999958,-14.341199999999958,-7.379299999999944,294,75
PISA,2025,THA,reading,391.8296,3.0112,474.3141,474.3141,378.663,-82.48449999999997,-82.48449999999997,13.166600000000017,294,75
PISA,2025,TUR,reading,472.0955,2.3062,496.1018,496.1018,456.084,-24.00630000000001,-24.00630000000001,16.011500000000012,294,75
PISA,2025,URY,reading,423.2127,2.0477,481.599,481.599,430.3597,-58.386300000000006,-58.386300000000006,-7.146999999999991,294,75
PISA,2025,USA,reading,489.5189,5.8368,502.4184,502.4184,503.9376,-12.899500000000046,-12.899500000000046,-14.418700000000001,294,75
PISA,2025,VNM,reading,391.5367,3.6586,497.8907,497.8907,461.888,-106.35399999999998,-106.35399999999998,-70.35129999999998,294,75
PISA,2006,AUS,science,526.8796,2.2471,,,525.0545,,,1.8251000000000204,0,47
PISA,2006,AUT,science,510.8372,3.9107,,,490.9846,,,19.852599999999995,0,47
PISA,2006,BEL,science,510.3635,2.4724,,,508.829,,,1.53449999999998,0,47
PISA,2006,BGR,science,434.0798,6.0964,,,,,,,0,47
PISA,2006,BRA,science,390.3316,2.7611,,,389.6196,,,0.7119999999999891,0,47
PISA,2006,CAN,science,534.4698,2.0153,,,518.7452,,,15.72460000000001,0,47
PISA,2006,CHE,science,511.5239,3.1499,,,512.9755,,,-1.451599999999985,0,47
PISA,2006,CHL,science,438.1774,4.3012,,,,,,,0,47
PISA,2006,CZE,science,512.8607,3.4547,,,523.2537,,,-10.393000000000029,0,47
PISA,2006,DEU,science,515.6491,3.7798,,,502.3365,,,13.312599999999975,0,47
PISA,2006,DNK,science,495.8943,3.0849,,,475.2227,,,20.671600000000012,0,47
PISA,2006,ESP,science,488.4245,2.5515,,,487.0926,,,1.3319000000000187,0,47
PISA,2006,EST,science,531.3918,2.4934,,,,,,,0,47
PISA,2006,FIN,science,563.3228,1.985,,,548.225,,,15.097800000000007,0,47
PISA,2006,FRA,science,495.2198,3.3417,,,511.2255,,,-16.00569999999999,0,47
PISA,2006,GBR,science,514.7735,2.267,,,518.4034,,,-3.6299000000000206,0,47
PISA,2006,GRC,science,473.378,3.2102,,,481.0223,,,-7.644299999999987,0,47
PISA,2006,HKG,science,542.2114,2.4462,,,539.4975,,,2.7139000000000806,0,47
PISA,2006,HUN,science,503.9317,2.6519,,,503.2789,,,0.6527999999999565,0,47
PISA,2006,IDN,science,393.481,5.7201,,,395.0424,,,-1.561399999999992,0,47
PISA,2006,IRL,science,508.3289,3.1663,,,505.3908,,,2.938099999999963,0,47
PISA,2006,ISL,science,490.7938,1.5922,,,494.7452,,,-3.951400000000035,0,47
PISA,2006,ISR,science,453.9037,3.6779,,,,,,,0,47
PISA,2006,ITA,science,475.3972,2.0043,,,486.4542,,,-11.057000000000016,0,47
PISA,2006,JPN,science,531.3885,3.3555,,,547.6382,,,-16.24969999999996,0,47
PISA,2006,KOR,science,522.1481,3.3384,,,538.4251,,,-16.277000000000044,0,47
PISA,2006,LIE,science,522.161,3.8639,,,525.1754,,,-3.0144000000000233,0,47
PISA,2006,LTU,science,487.9567,2.7298,,,,,,,0,47
PISA,2006,LUX,science,486.3244,0.9892,,,482.764,,,3.5604000000000156,0,47
PISA,2006,LVA,science,489.5438,2.9414,,,489.1249,,,0.418899999999951,0,47
PISA,2006,MAC,science,510.8397,0.9909,,,524.6837,,,-13.844000000000051,0,47
PISA,2006,MEX,science,409.652,2.7009,,,404.8962,,,4.755799999999965,0,47
PISA,2006,NLD,science,524.8615,2.7169,,,524.3687,,,0.49279999999998836,0,47
PISA,2006,NOR,science,486.528,3.0895,,,484.1812,,,2.34680000000003,0,47
PISA,2006,NZL,science,530.3844,2.668,,,520.9043,,,9.480099999999993,0,47
PISA,2006,POL,science,497.8065,2.3202,,,497.7801,,,0.026400000000023738,0,47
PISA,2006,PRT,science,474.3059,3.0049,,,467.7351,,,6.57080000000002,0,47
PISA,2006,RUS,science,479.4704,3.6505,,,489.2861,,,-9.815699999999993,0,47
PISA,2006,SVK,science,488.4334,2.5559,,,494.8584,,,-6.425000000000011,0,47
PISA,2006,SVN,science,518.8156,1.0486,,,,,,,0,47
PISA,2006,SWE,science,503.334,2.3458,,,506.1241,,,-2.7900999999999954,0,47
PISA,2006,THA,science,421.0115,2.1119,,,429.0604,,,-8.048900000000003,0,47
PISA,2006,TUN,science,385.5067,2.9309,,,384.6794,,,0.8273000000000366,0,47
PISA,2006,TUR,science,423.8327,3.8204,,,434.2234,,,-10.390700000000038,0,47
PISA,2006,TWN,science,532.4735,3.5571,,,,,,,0,47
PISA,2006,URY,science,428.1339,2.7155,,,438.373,,,-10.239100000000008,0,47
PISA,2006,USA,science,488.9068,4.2041,,,491.2636,,,-2.356800000000021,0,47
PISA,2009,ARG,science,400.8385,4.5502,401.254,401.254,391.2439,-0.41550000000000864,-0.41550000000000864,9.594600000000014,47,61
PISA,2009,AUS,science,527.2705,2.5169,516.7691,516.7691,526.8796,10.50139999999999,10.50139999999999,0.3908999999999878,47,61
PISA,2009,AUT,science,494.3277,3.2165,501.8571,501.8571,510.8372,-7.52940000000001,-7.52940000000001,-16.509500000000003,47,61
PISA,2009,AZE,science,373.1836,3.0016,414.8628,414.8628,382.3339,-41.67919999999998,-41.67919999999998,-9.150300000000016,47,61
PISA,2009,BEL,science,506.5755,2.5026,508.1356,508.1356,510.3635,-1.560100000000034,-1.560100000000034,-3.788000000000011,47,61
PISA,2009,BGR,science,439.2941,5.8359,430.6871,430.6871,434.0798,8.607000000000028,8.607000000000028,5.214300000000037,47,61
PISA,2009,BRA,science,405.404,2.4186,403.4574,403.4574,390.3316,1.9465999999999894,1.9465999999999894,15.072400000000016,47,61
PISA,2009,CAN,science,528.705,1.5995,524.817,524.817,534.4698,3.8880000000000337,3.8880000000000337,-5.764799999999923,47,61
PISA,2009,CHE,science,516.5675,2.7935,510.2598,510.2598,511.5239,6.307700000000011,6.307700000000011,5.043599999999969,47,61
PISA,2009,CHL,science,447.4674,2.8971,442.574,442.574,438.1774,4.8933999999999855,4.8933999999999855,9.29000000000002,47,61
PISA,2009,COL,science,401.7501,3.6035,400.7293,400.7293,388.0383,1.0207999999999515,1.0207999999999515,13.711799999999982,47,61
PISA,2009,CZE,science,500.4971,2.9492,501.4983,501.4983,512.8607,-1.001199999999983,-1.001199999999983,-12.363599999999963,47,61
PISA,2009,DEU,science,520.4053,2.7727,504.3499,504.3499,515.6491,16.05540000000002,16.05540000000002,4.756200000000035,47,61
PISA,2009,DNK,science,499.337,2.448,499.8831,499.8831,495.8943,-0.546100000000024,-0.546100000000024,3.442700000000002,47,61
PISA,2009,ESP,science,488.2546,2.0355,480.4058,480.4058,488.4245,7.848799999999983,7.848799999999983,-0.16990000000004102,47,61
PISA,2009,EST,science,527.8318,2.6316,513.6676,513.6676,531.3918,14.16420000000005,14.16420000000005,-3.5599999999999454,47,61
PISA,2009,FIN,science,554.0795,2.306,544.7984,544.7984,563.3228,9.281100000000038,9.281100000000038,-9.243299999999977,47,61
PISA,2009,FRA,science,498.2269,3.5815,493.6893,493.6893,495.2198,4.537599999999998,4.537599999999998,3.00709999999998,47,61
PISA,2009,GBR,science,513.7102,2.4908,502.1378,502.1378,514.7735,11.57239999999996,11.57239999999996,-1.0633000000000266,47,61
PISA,2009,GEO,science,372.653,2.8716,488.4988,488.4988,,-115.8458,-115.8458,,47,61
PISA,2009,GRC,science,470.1158,4.0136,470.2613,470.2613,473.378,-0.14550000000002683,-0.14550000000002683,-3.262200000000007,47,61
PISA,2009,HKG,science,549.0287,2.7288,534.6626,534.6626,542.2114,14.36609999999996,14.36609999999996,6.817299999999932,47,61
PISA,2009,HRV,science,486.3634,2.8109,483.535,483.535,493.2044,2.828399999999988,2.828399999999988,-6.841000000000008,47,61
PISA,2009,HUN,science,502.6427,3.1227,494.0147,494.0147,503.9317,8.627999999999986,8.627999999999986,-1.2889999999999873,47,61
PISA,2009,IDN,science,382.5695,3.7655,409.5596,409.5596,393.481,-26.990099999999984,-26.990099999999984,-10.91149999999999,47,61
PISA,2009,IRL,science,507.9842,3.2372,507.5364,507.5364,508.3289,0.44779999999997244,0.44779999999997244,-0.3446999999999889,47,61
PISA,2009,ISL,science,495.5985,1.3384,493.6868,493.6868,490.7938,1.9116999999999962,1.9116999999999962,4.804700000000025,47,61
PISA,2009,ISR,science,454.851,3.0821,453.9882,453.9882,453.9037,0.8627999999999929,0.8627999999999929,0.9472999999999843,47,61
PISA,2009,ITA,science,488.8314,1.7603,473.9316,473.9316,475.3972,14.89979999999997,14.89979999999997,13.434199999999976,47,61
PISA,2009,JOR,science,415.3878,3.5212,419.4118,419.4118,421.9718,-4.024000000000001,-4.024000000000001,-6.583999999999946,47,61
PISA,2009,JPN,science,539.431,3.3969,514.9035,514.9035,531.3885,24.527500000000032,24.527500000000032,8.042500000000018,47,61
PISA,2009,KGZ,science,329.5456,2.8808,337.3837,337.3837,322.0316,-7.838099999999997,-7.838099999999997,7.513999999999953,47,61
PISA,2009,KOR,science,537.9862,3.4213,533.5311,533.5311,522.1481,4.455100000000016,4.455100000000016,15.838100000000054,47,61
PISA,2009,LIE,science,519.9142,3.1984,515.7288,515.7288,522.161,4.185400000000072,4.185400000000072,-2.2467999999998938,47,61
PISA,2009,LTU,science,491.4098,2.899,484.3089,484.3089,487.9567,7.100900000000024,7.100900000000024,3.4531000000000063,47,61
PISA,2009,LUX,science,483.9284,1.1506,487.1657,487.1657,486.3244,-3.2373000000000047,-3.2373000000000047,-2.396000000000015,47,61
PISA,2009,LVA,science,493.8789,3.0332,487.3596,487.3596,489.5438,6.519299999999987,6.519299999999987,4.335100000000011,47,61
PISA,2009,MAC,science,511.0696,0.9696,507.0206,507.0206,510.8397,4.048999999999978,4.048999999999978,0.22989999999998645,47,61
PISA,2009,MDA,science,412.7709,2.9761,488.4988,488.4988,,-75.72790000000003,-75.72790000000003,,47,61
PISA,2009,MEX,science,415.9087,1.777,423.156,423.156,409.652,-7.247299999999996,-7.247299999999996,6.2567000000000235,47,61
PISA,2009,MNE,science,401.2775,1.9518,417.2812,417.2812,411.7884,-16.003700000000038,-16.003700000000038,-10.51090000000005,47,61
PISA,2009,NLD,science,522.2181,5.4042,516.9415,516.9415,524.8615,5.27660000000003,5.27660000000003,-2.6433999999999287,47,61
PISA,2009,NOR,science,499.8757,2.5666,488.5493,488.5493,486.528,11.326399999999978,11.326399999999978,13.347699999999975,47,61
PISA,2009,NZL,science,532.0069,2.545,520.649,520.649,530.3844,11.357899999999972,11.357899999999972,1.6224999999999454,47,61
PISA,2009,POL,science,508.0683,2.3857,499.991,499.991,497.8065,8.077300000000037,8.077300000000037,10.261799999999994,47,61
PISA,2009,PRT,science,492.95,2.8716,475.6617,475.6617,474.3059,17.288299999999992,17.288299999999992,18.64409999999998,47,61
PISA,2009,QAT,science,379.4469,0.8259,355.6628,355.6628,349.3131,23.784100000000024,23.784100000000024,30.133800000000008,47,61
PISA,2009,ROU,science,428.1789,3.3345,424.1827,424.1827,418.3864,3.9961999999999875,3.9961999999999875,9.792500000000018,47,61
PISA,2009,RUS,science,478.2975,3.2744,470.6882,470.6882,479.4704,7.609300000000019,7.609300000000019,-1.17289999999997,47,61
PISA,2009,SGP,science,541.6955,1.3051,488.4988,488.4988,,53.19670000000002,53.19670000000002,,47,61
PISA,2009,SRB,science,442.7858,2.3333,436.1042,436.1042,435.6363,6.681600000000003,6.681600000000003,7.149499999999989,47,61
PISA,2009,SVK,science,490.2659,2.9496,484.7801,484.7801,488.4334,5.485799999999983,5.485799999999983,1.8324999999999818,47,61
PISA,2009,SVN,science,511.7595,1.0628,505.4028,505.4028,518.8156,6.356699999999989,6.356699999999989,-7.056100000000015,47,61
PISA,2009,SWE,science,495.1059,2.6863,503.3513,503.3513,503.334,-8.245399999999961,-8.245399999999961,-8.228099999999984,47,61
PISA,2009,THA,science,425.2963,2.9462,431.3015,431.3015,421.0115,-6.005200000000002,-6.005200000000002,4.2847999999999615,47,61
PISA,2009,TTO,science,410.1956,1.1426,488.4988,488.4988,,-78.3032,-78.3032,,47,61
PISA,2009,TUN,science,400.6615,2.6534,397.4721,397.4721,385.5067,3.189399999999978,3.189399999999978,15.154799999999966,47,61
PISA,2009,TUR,science,453.9097,3.5745,442.1926,442.1926,423.8327,11.71709999999996,11.71709999999996,30.076999999999998,47,61
PISA,2009,TWN,science,520.4198,2.6084,520.9589,520.9589,532.4735,-0.5390999999999622,-0.5390999999999622,-12.053699999999935,47,61
PISA,2009,URY,science,427.2142,2.5323,434.7716,434.7716,428.1339,-7.557399999999973,-7.557399999999973,-0.9196999999999775,47,61
PISA,2009,USA,science,502.0023,3.622,3098.5364,3098.5364,488.9068,-2596.5341,-2596.5341,13.095500000000015,47,61
PISA,2012,ALB,science,397.3732,2.3786,402.115,402.115,390.6957,-4.741800000000012,-4.741800000000012,6.677500000000009,108,63
PISA,2012,ARE,science,448.3703,2.7919,440.7607,440.7607,437.8064,7.6096,7.6096,10.56389999999999,108,63
PISA,2012,ARG,science,405.632,3.8581,410.7647,410.7647,400.8385,-5.1327,-5.1327,4.7934999999999945,108,63
PISA,2012,AUS,science,521.4947,1.7437,516.9228,516.9228,527.2705,4.571899999999914,4.571899999999914,-5.775800000000004,108,63
PISA,2012,AUT,science,505.7812,2.6765,493.18,493.18,494.3277,12.601200000000006,12.601200000000006,11.45350000000002,108,63
PISA,2012,BEL,science,504.8677,2.1595,505.4242,505.4242,506.5755,-0.5564999999999714,-0.5564999999999714,-1.7077999999999633,108,63
PISA,2012,BGR,science,446.4687,4.7656,443.4816,443.4816,439.2941,2.987099999999998,2.987099999999998,7.174599999999998,108,63
PISA,2012,BRA,science,401.6197,2.0423,412.7558,412.7558,405.404,-11.136099999999999,-11.136099999999999,-3.7842999999999734,108,63
PISA,2012,CAN,science,525.4413,1.9118,521.1319,521.1319,528.705,4.309399999999982,4.309399999999982,-3.2637000000000853,108,63
PISA,2012,CHE,science,515.2975,2.6903,516.1661,516.1661,516.5675,-0.8686000000000149,-0.8686000000000149,-1.2699999999999818,108,63
PISA,2012,CHL,science,444.9339,2.8427,446.2354,446.2354,447.4674,-1.3015000000000327,-1.3015000000000327,-2.5335000000000036,108,63
PISA,2012,CHN,science,580.1178,3.0158,567.1202,567.1202,574.6173,12.997600000000034,12.997600000000034,5.500499999999988,108,63
PISA,2012,COL,science,398.6786,3.0267,409.3346,409.3346,401.7501,-10.656000000000006,-10.656000000000006,-3.0714999999999577,108,63
PISA,2012,CRI,science,429.351,2.9035,433.4185,433.4185,430.4813,-4.0674999999999955,-4.0674999999999955,-1.130299999999977,108,63
PISA,2012,CZE,science,508.2991,2.9276,495.8476,495.8476,500.4971,12.45150000000001,12.45150000000001,7.802000000000021,108,63
PISA,2012,DEU,science,524.1208,2.9442,512.586,512.586,520.4053,11.534800000000018,11.534800000000018,3.71550000000002,108,63
PISA,2012,DNK,science,498.4742,2.7149,498.0478,498.0478,499.337,0.426400000000001,0.426400000000001,-0.8627999999999929,108,63
PISA,2012,ESP,science,496.4458,1.8125,486.3711,486.3711,488.2546,10.074700000000007,10.074700000000007,8.191200000000038,108,63
PISA,2012,EST,science,541.4048,1.9058,516.6206,516.6206,527.8318,24.784200000000055,24.784200000000055,13.572999999999979,108,63
PISA,2012,FIN,science,545.4419,2.1689,539.2632,539.2632,554.0795,6.178700000000049,6.178700000000049,-8.63760000000002,108,63
PISA,2012,FRA,science,498.9709,2.5517,495.6538,495.6538,498.2269,3.317099999999982,3.317099999999982,0.7439999999999714,108,63
PISA,2012,GBR,science,514.1293,3.3625,503.2517,503.2517,513.7102,10.877599999999916,10.877599999999916,0.4190999999999576,108,63
PISA,2012,GRC,science,466.722,3.0912,471.3537,471.3537,470.1158,-4.6317000000000235,-4.6317000000000235,-3.393799999999999,108,63
PISA,2012,HKG,science,554.9374,2.5822,540.2043,540.2043,549.0287,14.733100000000036,14.733100000000036,5.908700000000067,108,63
PISA,2012,HRV,science,491.3566,3.0759,478.8939,478.8939,486.3634,12.46270000000004,12.46270000000004,4.993200000000002,108,63
PISA,2012,HUN,science,494.3024,2.9298,496.3618,496.3618,502.6427,-2.059400000000039,-2.059400000000039,-8.340300000000013,108,63
PISA,2012,IDN,science,381.9115,3.7971,395.8461,395.8461,382.5695,-13.934599999999989,-13.934599999999989,-0.6580000000000155,108,63
PISA,2012,IRL,science,522.004,2.4279,498.5701,498.5701,507.9842,23.433899999999994,23.433899999999994,14.019800000000032,108,63
PISA,2012,ISL,science,478.1546,2.0468,496.8528,496.8528,495.5985,-18.698199999999986,-18.698199999999986,-17.443899999999985,108,63
PISA,2012,ISR,science,470.0727,4.9393,457.4585,457.4585,454.851,12.614199999999983,12.614199999999983,15.221699999999998,108,63
PISA,2012,ITA,science,493.5415,1.9253,486.5443,486.5443,488.8314,6.997199999999964,6.997199999999964,4.710100000000011,108,63
PISA,2012,JOR,science,409.3672,3.1003,418.6455,418.6455,415.3878,-9.278300000000002,-9.278300000000002,-6.020600000000002,108,63
PISA,2012,JPN,science,546.7356,3.5858,527.8086,527.8086,539.431,18.92700000000002,18.92700000000002,7.304599999999937,108,63
PISA,2012,KAZ,science,424.7075,2.9406,415.0636,415.0636,400.3761,9.643899999999974,9.643899999999974,24.331399999999974,108,63
PISA,2012,KOR,science,537.7876,3.6428,531.6894,531.6894,537.9862,6.09820000000002,6.09820000000002,-0.19860000000005584,108,63
PISA,2012,LIE,science,524.695,3.212,518.6313,518.6313,519.9142,6.06370000000004,6.06370000000004,4.780799999999999,108,63
PISA,2012,LTU,science,495.7001,2.5241,486.2775,486.2775,491.4098,9.422600000000045,9.422600000000045,4.290300000000002,108,63
PISA,2012,LUX,science,491.2152,1.2348,485.4222,485.4222,483.9284,5.793000000000006,5.793000000000006,7.286799999999971,108,63
PISA,2012,LVA,science,502.1862,2.7166,489.1471,489.1471,493.8789,13.039099999999962,13.039099999999962,8.307299999999998,108,63
PISA,2012,MAC,science,520.5709,0.7789,510.6758,510.6758,511.0696,9.89510000000007,9.89510000000007,9.501300000000072,108,63
PISA,2012,MEX,science,414.9201,1.2907,427.6117,427.6117,415.9087,-12.691599999999994,-12.691599999999994,-0.9886000000000195,108,63
PISA,2012,MNE,science,410.0976,0.9879,414.9476,414.9476,401.2775,-4.850000000000023,-4.850000000000023,8.820100000000025,108,63
PISA,2012,MYS,science,419.5026,2.9777,427.3172,427.3172,422.2316,-7.814600000000041,-7.814600000000041,-2.729000000000042,108,63
PISA,2012,NLD,science,522.0558,3.4817,517.1726,517.1726,522.2181,4.883199999999988,4.883199999999988,-0.16230000000007294,108,63
PISA,2012,NOR,science,494.5239,3.0581,496.9154,496.9154,499.8757,-2.391499999999951,-2.391499999999951,-5.351799999999969,108,63
PISA,2012,NZL,science,515.6363,2.1024,520.9637,520.9637,532.0069,-5.3274000000000115,-5.3274000000000115,-16.370599999999968,108,63
PISA,2012,PER,science,373.1134,3.5589,386.633,386.633,369.3518,-13.519599999999969,-13.519599999999969,3.761599999999987,108,63
PISA,2012,POL,science,525.8164,3.095,500.7051,500.7051,508.0683,25.11130000000003,25.11130000000003,17.748100000000022,108,63
PISA,2012,PRT,science,489.2747,3.7284,489.9656,489.9656,492.95,-0.6908999999999992,-0.6908999999999992,-3.675299999999993,108,63
PISA,2012,QAT,science,383.6426,0.6727,393.1798,393.1798,379.4469,-9.537199999999984,-9.537199999999984,4.195699999999988,108,63
PISA,2012,ROU,science,438.7681,3.2288,436.9019,436.9019,428.1789,1.866199999999992,1.866199999999992,10.589200000000005,108,63
PISA,2012,RUS,science,486.2955,2.8233,476.4405,476.4405,478.2975,9.855000000000018,9.855000000000018,7.9979999999999905,108,63
PISA,2012,SGP,science,551.4932,1.4623,538.0714,538.0714,541.6955,13.421799999999962,13.421799999999962,9.797699999999963,108,63
PISA,2012,SRB,science,444.8041,3.3771,449.3644,449.3644,442.7858,-4.560299999999984,-4.560299999999984,2.0183000000000106,108,63
PISA,2012,SVK,science,471.1932,3.5873,491.0924,491.0924,490.2659,-19.899200000000008,-19.899200000000008,-19.072699999999998,108,63
PISA,2012,SVN,science,514.1426,1.2317,504.5952,504.5952,511.7595,9.547400000000039,9.547400000000039,2.383100000000013,108,63
PISA,2012,SWE,science,484.799,2.9712,493.1934,493.1934,495.1059,-8.394400000000019,-8.394400000000019,-10.306900000000041,108,63
PISA,2012,THA,science,443.9999,2.9072,432.9553,432.9553,425.2963,11.044600000000003,11.044600000000003,18.70360000000005,108,63
PISA,2012,TUN,science,398.0465,3.4207,406.1638,406.1638,400.6615,-8.1173,-8.1173,-2.615000000000009,108,63
PISA,2012,TUR,science,463.4129,3.8758,456.5314,456.5314,453.9097,6.88149999999996,6.88149999999996,9.503199999999993,108,63
PISA,2012,TWN,science,523.3149,2.3103,520.8524,520.8524,520.4198,2.4624999999999773,2.4624999999999773,2.8950999999999567,108,63
PISA,2012,URY,science,415.8429,2.7281,436.2592,436.2592,427.2142,-20.416300000000035,-20.416300000000035,-11.37130000000002,108,63
PISA,2012,USA,science,497.4098,3.7565,495.2503,495.2503,502.0023,2.159500000000037,2.159500000000037,-4.592499999999973,108,63
PISA,2015,ALB,science,427.225,3.2778,408.0106,408.0106,397.3732,19.214400000000012,19.214400000000012,29.851800000000026,171,57
PISA,2015,ARE,science,436.7311,2.4226,450.0077,450.0077,448.3703,-13.276599999999974,-13.276599999999974,-11.63919999999996,171,57
PISA,2015,AUS,science,509.9939,1.5353,513.7863,513.7863,521.4947,-3.7923999999999864,-3.7923999999999864,-11.50079999999997,171,57
PISA,2015,AUT,science,495.0375,2.4393,504.496,504.496,505.7812,-9.458499999999958,-9.458499999999958,-10.74369999999999,171,57
PISA,2015,BEL,science,501.9997,2.2896,506.3644,506.3644,504.8677,-4.364699999999971,-4.364699999999971,-2.867999999999995,171,57
PISA,2015,BGR,science,445.772,4.3502,450.1063,450.1063,446.4687,-4.334299999999985,-4.334299999999985,-0.6967000000000212,171,57
PISA,2015,BRA,science,400.6821,2.2968,409.0646,409.0646,401.6197,-8.382499999999993,-8.382499999999993,-0.9376000000000317,171,57
PISA,2015,CAN,science,527.7047,2.0803,519.9559,519.9559,525.4413,7.74879999999996,7.74879999999996,2.263400000000047,171,57
PISA,2015,CHE,science,505.5058,2.9003,517.1712,517.1712,515.2975,-11.665399999999977,-11.665399999999977,-9.791699999999992,171,57
PISA,2015,CHL,science,446.9561,2.3793,444.8437,444.8437,444.9339,2.1123999999999796,2.1123999999999796,2.022199999999998,171,57
PISA,2015,COL,science,415.7288,2.3611,404.029,404.029,398.6786,11.699799999999982,11.699799999999982,17.05019999999996,171,57
PISA,2015,CRI,science,419.608,2.0745,431.08,431.08,429.351,-11.47199999999998,-11.47199999999998,-9.742999999999995,171,57
PISA,2015,CZE,science,492.83,2.2677,504.2766,504.2766,508.2991,-11.44659999999999,-11.44659999999999,-15.469100000000026,171,57
PISA,2015,DEU,science,509.1406,2.6988,517.9122,517.9122,524.1208,-8.771599999999978,-8.771599999999978,-14.980200000000025,171,57
PISA,2015,DNK,science,501.9369,2.3755,498.5354,498.5354,498.4742,3.4014999999999986,3.4014999999999986,3.462699999999984,171,57
PISA,2015,ESP,science,492.7861,2.0655,493.0658,493.0658,496.4458,-0.279700000000048,-0.279700000000048,-3.6597000000000435,171,57
PISA,2015,EST,science,534.1937,2.0948,530.4138,530.4138,541.4048,3.779899999999998,3.779899999999998,-7.211099999999988,171,57
PISA,2015,FIN,science,530.6612,2.3924,532.4162,532.4162,545.4419,-1.7549999999999955,-1.7549999999999955,-14.780700000000024,171,57
PISA,2015,FRA,science,494.9776,2.0607,497.494,497.494,498.9709,-2.516400000000033,-2.516400000000033,-3.9932999999999765,171,57
PISA,2015,GBR,science,509.2215,2.5644,506.5116,506.5116,514.1293,2.7099000000000046,2.7099000000000046,-4.907799999999952,171,57
PISA,2015,GRC,science,454.8288,3.9173,466.3944,466.3944,466.722,-11.565600000000018,-11.565600000000018,-11.893199999999979,171,57
PISA,2015,HKG,science,523.2774,2.5472,549.6714,549.6714,554.9374,-26.394000000000005,-26.394000000000005,-31.660000000000082,171,57
PISA,2015,HRV,science,475.3912,2.452,486.3979,486.3979,491.3566,-11.006699999999967,-11.006699999999967,-15.965399999999988,171,57
PISA,2015,HUN,science,476.7475,2.4215,489.7971,489.7971,494.3024,-13.049599999999998,-13.049599999999998,-17.554899999999975,171,57
PISA,2015,IDN,science,403.0997,2.5658,393.3619,393.3619,381.9115,9.737799999999993,9.737799999999993,21.188199999999995,171,57
PISA,2015,IRL,science,502.5751,2.386,513.3957,513.3957,522.004,-10.820600000000013,-10.820600000000013,-19.4289,171,57
PISA,2015,ISL,science,473.2301,1.6809,484.1098,484.1098,478.1546,-10.879700000000014,-10.879700000000014,-4.924500000000023,171,57
PISA,2015,ISR,science,466.5528,3.4376,472.0855,472.0855,470.0727,-5.532700000000034,-5.532700000000034,-3.519900000000007,171,57
PISA,2015,ITA,science,480.5468,2.516,491.5535,491.5535,493.5415,-11.006699999999967,-11.006699999999967,-12.994699999999966,171,57
PISA,2015,JOR,science,408.6691,2.6744,413.0319,413.0319,409.3672,-4.362799999999993,-4.362799999999993,-0.6981000000000108,171,57
PISA,2015,JPN,science,538.3948,2.9662,537.963,537.963,546.7356,0.4318000000000666,0.4318000000000666,-8.340799999999945,171,57
PISA,2015,KOR,science,515.8099,3.1318,537.1301,537.1301,537.7876,-21.3202,-21.3202,-21.977700000000027,171,57
PISA,2015,LTU,science,475.4089,2.6527,491.1236,491.1236,495.7001,-15.714699999999993,-15.714699999999993,-20.291200000000003,171,57
PISA,2015,LUX,science,482.8064,1.121,491.3388,491.3388,491.2152,-8.532399999999996,-8.532399999999996,-8.408799999999985,171,57
PISA,2015,LVA,science,490.225,1.5603,498.2688,498.2688,502.1862,-8.043799999999976,-8.043799999999976,-11.961199999999963,171,57
PISA,2015,MAC,science,528.5496,1.0644,522.3424,522.3424,520.5709,6.207200000000057,6.207200000000057,7.9787000000000035,171,57
PISA,2015,MEX,science,415.7099,2.1305,423.8948,423.8948,414.9201,-8.18489999999997,-8.18489999999997,0.7898000000000138,171,57
PISA,2015,MNE,science,411.3136,1.0293,419.9519,419.9519,410.0976,-8.638300000000015,-8.638300000000015,1.2160000000000082,171,57
PISA,2015,NLD,science,508.5748,2.2574,519.1842,519.1842,522.0558,-10.60940000000005,-10.60940000000005,-13.480999999999995,171,57
PISA,2015,NOR,science,498.4811,2.2624,493.2562,493.2562,494.5239,5.224900000000048,5.224900000000048,3.9572000000000003,171,57
PISA,2015,NZL,science,513.3035,2.3842,509.0088,509.0088,515.6363,4.2946999999999775,4.2946999999999775,-2.33280000000002,171,57
PISA,2015,PER,science,396.6836,2.3587,386.0686,386.0686,373.1134,10.615000000000009,10.615000000000009,23.5702,171,57
PISA,2015,POL,science,501.4353,2.5075,520.0292,520.0292,525.8164,-18.593899999999962,-18.593899999999962,-24.38110000000006,171,57
PISA,2015,PRT,science,501.1001,2.4308,489.4006,489.4006,489.2747,11.6995,11.6995,11.825400000000002,171,57
PISA,2015,QAT,science,417.6111,1.0046,394.7756,394.7756,383.6426,22.835500000000025,22.835500000000025,33.968500000000006,171,57
PISA,2015,ROU,science,434.8849,3.2335,446.9424,446.9424,438.7681,-12.057500000000005,-12.057500000000005,-3.883199999999988,171,57
PISA,2015,RUS,science,486.631,2.9148,486.2475,486.2475,486.2955,0.38349999999996953,0.38349999999996953,0.3354999999999677,171,57
PISA,2015,SGP,science,555.5747,1.196,550.8386,550.8386,551.4932,4.736099999999965,4.736099999999965,4.0815000000000055,171,57
PISA,2015,SVK,science,460.7749,2.5937,476.8262,476.8262,471.1932,-16.05129999999997,-16.05129999999997,-10.418299999999988,171,57
PISA,2015,SVN,science,512.8636,1.3244,508.4366,508.4366,514.1426,4.427000000000021,4.427000000000021,-1.2789999999999964,171,57
PISA,2015,SWE,science,493.4224,3.6007,484.2859,484.2859,484.799,9.136499999999955,9.136499999999955,8.623400000000004,171,57
PISA,2015,THA,science,421.3373,2.833,445.3725,445.3725,443.9999,-24.035199999999975,-24.035199999999975,-22.662599999999998,171,57
PISA,2015,TUN,science,386.4034,2.1044,406.6855,406.6855,398.0465,-20.282100000000014,-20.282100000000014,-11.643100000000004,171,57
PISA,2015,TUR,science,425.4895,3.9339,463.0221,463.0221,463.4129,-37.5326,-37.5326,-37.92339999999996,171,57
PISA,2015,URY,science,435.363,2.2009,423.3799,423.3799,415.8429,11.983099999999979,11.983099999999979,19.520100000000014,171,57
PISA,2015,USA,science,496.2424,3.1812,492.8726,492.8726,497.4098,3.369799999999998,3.369799999999998,-1.1674000000000433,171,57
PISA,2015,VNM,science,524.6445,3.9101,519.9664,519.9664,528.4233,4.678099999999972,4.678099999999972,-3.7788000000000466,171,57
PISA,2022,ALB,science,375.9678,2.2162,430.9695,430.9695,427.225,-55.00169999999997,-55.00169999999997,-51.25720000000001,228,66
PISA,2022,ARE,science,431.9795,1.3103,430.6719,430.6719,436.7311,1.3075999999999794,1.3075999999999794,-4.751600000000053,228,66
PISA,2022,AUS,science,507.0009,1.9331,504.3357,504.3357,509.9939,2.665200000000027,2.665200000000027,-2.992999999999995,228,66
PISA,2022,AUT,science,491.271,2.6501,494.2789,494.2789,495.0375,-3.0079000000000065,-3.0079000000000065,-3.7665000000000077,228,66
PISA,2022,BEL,science,490.5783,2.4819,501.2437,501.2437,501.9997,-10.665399999999977,-10.665399999999977,-11.421400000000006,228,66
PISA,2022,BGR,science,420.9932,3.1742,449.7214,449.7214,445.772,-28.728200000000015,-28.728200000000015,-24.77879999999999,228,66
PISA,2022,BRA,science,403.0012,1.9328,405.2867,405.2867,400.6821,-2.285500000000013,-2.285500000000013,2.3190999999999917,228,66
PISA,2022,CAN,science,515.0167,1.929,522.0103,522.0103,527.7047,-6.993600000000015,-6.993600000000015,-12.687999999999988,228,66
PISA,2022,CHE,science,502.5232,2.1859,507.2609,507.2609,505.5058,-4.737700000000018,-4.737700000000018,-2.9826000000000477,228,66
PISA,2022,CHL,science,443.5434,2.4686,434.312,434.312,446.9561,9.231400000000008,9.231400000000008,-3.4126999999999725,228,66
PISA,2022,COL,science,411.1207,3.2841,417.6804,417.6804,415.7288,-6.559700000000021,-6.559700000000021,-4.608099999999979,228,66
PISA,2022,CRI,science,410.9866,2.418,422.914,422.914,419.608,-11.927399999999977,-11.927399999999977,-8.621399999999994,228,66
PISA,2022,CZE,science,497.742,2.3043,488.6063,488.6063,492.83,9.135700000000043,9.135700000000043,4.912000000000035,228,66
PISA,2022,DEU,science,492.4267,3.4831,502.7291,502.7291,509.1406,-10.302400000000034,-10.302400000000034,-16.713900000000024,228,66
PISA,2022,DNK,science,493.8157,2.4975,499.8503,499.8503,501.9369,-6.034600000000012,-6.034600000000012,-8.121199999999988,228,66
PISA,2022,DOM,science,360.4261,2.0445,350.7527,350.7527,331.6388,9.673400000000015,9.673400000000015,28.787300000000016,228,66
PISA,2022,ESP,science,484.5336,1.6011,488.712,488.712,492.7861,-4.1784000000000106,-4.1784000000000106,-8.252499999999998,228,66
PISA,2022,EST,science,525.8118,2.0654,523.7693,523.7693,534.1937,2.0424999999999045,2.0424999999999045,-8.381900000000087,228,66
PISA,2022,FIN,science,510.9589,2.5008,514.11,514.11,530.6612,-3.1510999999999854,-3.1510999999999854,-19.70229999999998,228,66
PISA,2022,FRA,science,487.2253,2.7296,493.1986,493.1986,494.9776,-5.973299999999995,-5.973299999999995,-7.752299999999991,228,66
PISA,2022,GBR,science,499.6702,2.3765,501.4958,501.4958,509.2215,-1.8255999999999517,-1.8255999999999517,-9.55129999999997,228,66
PISA,2022,GEO,science,384.0675,2.3083,425.0247,425.0247,411.1315,-40.9572,-40.9572,-27.06400000000002,228,66
PISA,2022,GRC,science,440.7861,2.7672,458.5532,458.5532,454.8288,-17.767100000000028,-17.767100000000028,-14.042700000000025,228,66
PISA,2022,HKG,science,520.4187,2.7928,518.6517,518.6517,523.2774,1.766999999999939,1.766999999999939,-2.858699999999999,228,66
PISA,2022,HRV,science,482.6674,2.3975,470.8301,470.8301,475.3912,11.83729999999997,11.83729999999997,7.27619999999996,228,66
PISA,2022,HUN,science,485.8902,2.7087,483.2238,483.2238,476.7475,2.66640000000001,2.66640000000001,9.14269999999999,228,66
PISA,2022,IDN,science,382.8634,2.5613,421.7114,421.7114,403.0997,-38.84800000000001,-38.84800000000001,-20.23629999999997,228,66
PISA,2022,IRL,science,503.8455,2.257,506.5541,506.5541,502.5751,-2.70859999999999,-2.70859999999999,1.270399999999995,228,66
PISA,2022,ISL,science,446.9671,1.7614,478.9719,478.9719,473.2301,-32.00479999999999,-32.00479999999999,-26.262999999999977,228,66
PISA,2022,ISR,science,464.7518,3.3848,466.9828,466.9828,466.5528,-2.2309999999999945,-2.2309999999999945,-1.8009999999999877,228,66
PISA,2022,ITA,science,477.4634,3.1775,479.1521,479.1521,480.5468,-1.6887000000000398,-1.6887000000000398,-3.08340000000004,228,66
PISA,2022,JOR,science,374.5271,2.3513,389.8007,389.8007,408.6691,-15.273599999999988,-15.273599999999988,-34.141999999999996,228,66
PISA,2022,JPN,science,546.6345,2.804,540.361,540.361,538.3948,6.273500000000013,6.273500000000013,8.23969999999997,228,66
PISA,2022,KAZ,science,423.166,1.72,482.5239,482.5239,,-59.35790000000003,-59.35790000000003,,228,66
PISA,2022,KOR,science,527.8224,3.5796,504.4881,504.4881,515.8099,23.33430000000004,23.33430000000004,12.012500000000045,228,66
PISA,2022,KSV,science,357.0241,1.2598,387.7809,387.7809,378.4422,-30.7568,-30.7568,-21.418100000000038,228,66
PISA,2022,LTU,science,484.4634,2.3332,479.899,479.899,475.4089,4.564399999999978,4.564399999999978,9.054499999999962,228,66
PISA,2022,LVA,science,493.8428,2.298,487.4387,487.4387,490.225,6.404100000000028,6.404100000000028,3.6177999999999884,228,66
PISA,2022,MAC,science,543.0963,1.1144,527.1458,527.1458,528.5496,15.950500000000034,15.950500000000034,14.546699999999987,228,66
PISA,2022,MAR,science,365.3981,3.3834,453.8266,453.8266,,-88.42849999999999,-88.42849999999999,,228,66
PISA,2022,MDA,science,416.859,2.3877,433.2383,433.2383,427.9978,-16.3793,-16.3793,-11.138800000000003,228,66
PISA,2022,MEX,science,409.8866,2.4156,422.7572,422.7572,415.7099,-12.870600000000024,-12.870600000000024,-5.8233000000000175,228,66
PISA,2022,MKD,science,379.8751,0.9291,393.5905,393.5905,383.6824,-13.715400000000045,-13.715400000000045,-3.807299999999998,228,66
PISA,2022,MLT,science,465.5887,1.6973,456.7953,456.7953,464.782,8.79340000000002,8.79340000000002,0.8067000000000348,228,66
PISA,2022,MNE,science,403.1302,1.2053,422.9058,422.9058,411.3136,-19.775599999999997,-19.775599999999997,-8.183400000000006,228,66
PISA,2022,MYS,science,416.3061,2.3484,464.5685,464.5685,,-48.26239999999996,-48.26239999999996,,228,66
PISA,2022,NLD,science,488.3168,4.0732,505.2201,505.2201,508.5748,-16.9033,-16.9033,-20.25799999999998,228,66
PISA,2022,NOR,science,478.2265,2.3725,494.0233,494.0233,498.4811,-15.796800000000019,-15.796800000000019,-20.25460000000004,228,66
PISA,2022,NZL,science,504.1293,2.242,504.9188,504.9188,513.3035,-0.7894999999999754,-0.7894999999999754,-9.174199999999985,228,66
PISA,2022,PER,science,407.7778,2.6445,405.5419,405.5419,396.6836,2.235900000000015,2.235900000000015,11.0942,228,66
PISA,2022,POL,science,499.1644,2.5451,500.2202,500.2202,501.4353,-1.0557999999999765,-1.0557999999999765,-2.2708999999999833,228,66
PISA,2022,PRT,science,484.3735,2.559,495.907,495.907,501.1001,-11.533500000000004,-11.533500000000004,-16.72660000000002,228,66
PISA,2022,QAT,science,432.4025,1.4797,414.8532,414.8532,417.6111,17.54929999999996,17.54929999999996,14.791399999999953,228,66
PISA,2022,ROU,science,427.5111,3.8674,444.0523,444.0523,434.8849,-16.541200000000003,-16.541200000000003,-7.373800000000017,228,66
PISA,2022,SAU,science,390.3876,1.9558,442.9858,442.9858,,-52.59819999999996,-52.59819999999996,,228,66
PISA,2022,SGP,science,561.4333,1.3273,574.0181,574.0181,555.5747,-12.584799999999973,-12.584799999999973,5.858600000000024,228,66
PISA,2022,SRB,science,447.4607,2.8913,476.3256,476.3256,,-28.864900000000034,-28.864900000000034,,228,66
PISA,2022,SVK,science,462.2695,3.0302,466.6415,466.6415,460.7749,-4.372000000000014,-4.372000000000014,1.4945999999999913,228,66
PISA,2022,SVN,science,499.9649,1.4459,528.5382,528.5382,512.8636,-28.57329999999996,-28.57329999999996,-12.89870000000002,228,66
PISA,2022,SWE,science,493.5493,2.3504,488.9053,488.9053,493.4224,4.6440000000000055,4.6440000000000055,0.12690000000003465,228,66
PISA,2022,TAP,science,537.3804,3.3131,528.9687,528.9687,532.3475,8.411699999999996,8.411699999999996,5.032900000000041,228,66
PISA,2022,THA,science,409.2643,2.7834,413.8043,413.8043,421.3373,-4.5400000000000205,-4.5400000000000205,-12.073000000000036,228,66
PISA,2022,TUR,science,475.9378,1.9281,437.2953,437.2953,425.4895,38.642499999999984,38.642499999999984,50.44829999999996,228,66
PISA,2022,URY,science,435.3848,2.4777,437.1486,437.1486,435.363,-1.7638000000000034,-1.7638000000000034,0.02179999999998472,228,66
PISA,2022,USA,science,499.4141,4.3186,483.0371,483.0371,496.2424,16.37700000000001,16.37700000000001,3.171700000000044,228,66
PISA,2022,VNM,science,472.381,3.5881,511.1682,511.1682,524.6445,-38.78720000000004,-38.78720000000004,-52.26350000000002,228,66
PISA,2025,ALB,science,434.6271,2.7101,385.49,385.49,375.9678,49.137099999999975,49.137099999999975,58.65929999999997,294,76
PISA,2025,ARE,science,458.067,1.9744,436.2054,436.2054,431.9795,21.86160000000001,21.86160000000001,26.087500000000034,294,76
PISA,2025,ARG,science,392.9339,2.9888,406.0845,406.0845,406.1913,-13.150599999999997,-13.150599999999997,-13.257400000000018,294,76
PISA,2025,AUS,science,509.1063,1.8853,496.3516,496.3516,507.0009,12.754699999999957,12.754699999999957,2.1053999999999746,294,76
PISA,2025,AUT,science,496.9127,2.7242,487.0228,487.0228,491.271,9.889899999999955,9.889899999999955,5.6416999999999575,294,76
PISA,2025,BEL,science,489.7132,2.8547,487.2202,487.2202,490.5783,2.492999999999995,2.492999999999995,-0.8651000000000408,294,76
PISA,2025,BGR,science,420.7937,4.0533,423.9434,423.9434,420.9932,-3.1496999999999957,-3.1496999999999957,-0.19950000000000045,294,76
PISA,2025,BRA,science,408.5405,1.9332,402.6351,402.6351,403.0012,5.905399999999986,5.905399999999986,5.539300000000026,294,76
PISA,2025,BRN,science,439.4539,0.8199,447.4998,447.4998,445.8551,-8.045900000000017,-8.045900000000017,-6.401200000000017,294,76
PISA,2025,CAN,science,510.0548,1.7891,503.8481,503.8481,515.0167,6.206700000000012,6.206700000000012,-4.961900000000014,294,76
PISA,2025,CHE,science,501.2376,2.5913,499.429,499.429,502.5232,1.8086000000000126,1.8086000000000126,-1.285599999999988,294,76
PISA,2025,CHL,science,442.3606,2.4952,437.7733,437.7733,443.5434,4.587299999999971,4.587299999999971,-1.182800000000043,294,76
PISA,2025,COL,science,413.7309,3.2937,408.4122,408.4122,411.1207,5.318700000000035,5.318700000000035,2.6102000000000203,294,76
PISA,2025,CRI,science,423.9696,2.5697,410.895,410.895,410.9866,13.074600000000032,13.074600000000032,12.983000000000004,294,76
PISA,2025,CZE,science,490.2783,2.5861,490.8084,490.8084,497.742,-0.5301000000000045,-0.5301000000000045,-7.463700000000017,294,76
PISA,2025,DEU,science,485.5214,3.5211,484.6903,484.6903,492.4267,0.831100000000049,0.831100000000049,-6.905299999999954,294,76
PISA,2025,DNK,science,477.541,2.3903,489.099,489.099,493.8157,-11.557999999999993,-11.557999999999993,-16.274699999999996,294,76
PISA,2025,DOM,science,360.8466,2.3225,368.2155,368.2155,360.4261,-7.3688999999999965,-7.3688999999999965,0.4205000000000041,294,76
PISA,2025,ESP,science,477.1273,1.9043,479.0243,479.0243,484.5336,-1.8969999999999914,-1.8969999999999914,-7.4062999999999874,294,76
PISA,2025,EST,science,527.1171,2.3344,514.9613,514.9613,525.8118,12.1558,12.1558,1.305300000000102,294,76
PISA,2025,FIN,science,504.3724,2.2606,497.8866,497.8866,510.9589,6.48580000000004,6.48580000000004,-6.586500000000001,294,76
PISA,2025,FRA,science,483.4212,3.2059,480.7988,480.7988,487.2253,2.6223999999999705,2.6223999999999705,-3.8041000000000054,294,76
PISA,2025,GBR,science,511.3558,2.1021,492.5065,492.5065,499.6702,18.84929999999997,18.84929999999997,11.685599999999965,294,76
PISA,2025,GEO,science,422.1187,2.652,396.332,396.332,384.0675,25.786699999999996,25.786699999999996,38.051199999999994,294,76
PISA,2025,GRC,science,434.2849,2.9384,441.2036,441.2036,440.7861,-6.918700000000001,-6.918700000000001,-6.501199999999983,294,76
PISA,2025,GTM,science,351.234,2.5259,377.1033,377.1033,372.9628,-25.86930000000001,-25.86930000000001,-21.728800000000035,294,76
PISA,2025,HKG,science,495.6267,3.047,519.0088,519.0088,520.4187,-23.382099999999923,-23.382099999999923,-24.791999999999916,294,76
PISA,2025,HRV,science,476.3009,1.7672,475.8812,475.8812,482.6674,0.4197000000000344,0.4197000000000344,-6.366499999999974,294,76
PISA,2025,HUN,science,479.9118,2.444,479.8214,479.8214,485.8902,0.09040000000004511,0.09040000000004511,-5.978399999999965,294,76
PISA,2025,IDN,science,388.6738,2.3186,388.8504,388.8504,382.8634,-0.1765999999999508,-0.1765999999999508,5.8104000000000156,294,76
PISA,2025,IRL,science,499.5967,2.1707,495.7515,495.7515,503.8455,3.845199999999977,3.845199999999977,-4.248800000000017,294,76
PISA,2025,ISL,science,441.3804,1.6497,452.8021,452.8021,446.9671,-11.421699999999987,-11.421699999999987,-5.5867000000000075,294,76
PISA,2025,ISR,science,442.0088,3.3513,463.1467,463.1467,464.7518,-21.137900000000002,-21.137900000000002,-22.742999999999995,294,76
PISA,2025,ITA,science,482.9821,2.4788,474.7563,474.7563,477.4634,8.225799999999992,8.225799999999992,5.518700000000024,294,76
PISA,2025,JOR,science,406.9354,2.4789,382.6881,382.6881,374.5271,24.247299999999996,24.247299999999996,32.4083,294,76
PISA,2025,JPN,science,537.5862,3.8059,533.311,533.311,546.6345,4.275199999999927,4.275199999999927,-9.04830000000004,294,76
PISA,2025,KAZ,science,419.5476,1.5943,429.3642,429.3642,423.166,-9.816599999999994,-9.816599999999994,-3.6184000000000083,294,76
PISA,2025,KHM,science,381.9351,1.6906,359.5168,359.5168,347.1042,22.418299999999988,22.418299999999988,34.830899999999986,294,76
PISA,2025,KOR,science,526.1053,3.3696,519.8375,519.8375,527.8224,6.267800000000079,6.267800000000079,-1.7170999999999594,294,76
PISA,2025,KSV,science,357.0148,1.299,370.5481,370.5481,357.0241,-13.533299999999997,-13.533299999999997,-0.00929999999999609,294,76
PISA,2025,LTU,science,487.739,1.7808,479.5047,479.5047,484.4634,8.234299999999962,8.234299999999962,3.275599999999997,294,76
PISA,2025,LVA,science,468.3674,2.054,486.6618,486.6618,493.8428,-18.294400000000053,-18.294400000000053,-25.475400000000036,294,76
PISA,2025,MAC,science,540.8139,1.1274,535.7013,535.7013,543.0963,5.112600000000043,5.112600000000043,-2.2824000000000524,294,76
PISA,2025,MAR,science,357.9798,3.3258,378.2277,378.2277,365.3981,-20.247900000000016,-20.247900000000016,-7.418299999999988,294,76
PISA,2025,MDA,science,421.947,2.8449,422.5432,422.5432,416.859,-0.5962000000000103,-0.5962000000000103,5.088000000000022,294,76
PISA,2025,MEX,science,413.5654,2.0014,413.12,413.12,409.8866,0.44540000000000646,0.44540000000000646,3.678800000000024,294,76
PISA,2025,MKD,science,378.4981,1.039,393.4211,393.4211,379.8751,-14.923000000000002,-14.923000000000002,-1.3769999999999527,294,76
PISA,2025,MLT,science,452.527,1.5469,465.8487,465.8487,465.5887,-13.321700000000021,-13.321700000000021,-13.06170000000003,294,76
PISA,2025,MNE,science,435.1844,1.3123,412.0,412.0,403.1302,23.184399999999982,23.184399999999982,32.05419999999998,294,76
PISA,2025,MNG,science,424.0337,2.1289,422.706,422.706,412.3825,1.327699999999993,1.327699999999993,11.651200000000017,294,76
PISA,2025,MYS,science,419.2027,2.1592,420.6706,420.6706,416.3061,-1.467899999999986,-1.467899999999986,2.896599999999978,294,76
PISA,2025,NLD,science,485.4514,2.8215,486.5913,486.5913,488.3168,-1.1399000000000115,-1.1399000000000115,-2.8654000000000224,294,76
PISA,2025,NOR,science,470.2123,2.0225,474.6382,474.6382,478.2265,-4.425899999999956,-4.425899999999956,-8.01419999999996,294,76
PISA,2025,NZL,science,509.3979,2.311,492.4399,492.4399,504.1293,16.95799999999997,16.95799999999997,5.268599999999992,294,76
PISA,2025,PER,science,405.6005,2.5294,410.8122,410.8122,407.7778,-5.2117000000000075,-5.2117000000000075,-2.1773000000000025,294,76
PISA,2025,PHL,science,373.3185,2.287,369.9763,369.9763,356.1673,3.342199999999991,3.342199999999991,17.15119999999996,294,76
PISA,2025,POL,science,495.067,2.7425,493.6064,493.6064,499.1644,1.4605999999999995,1.4605999999999995,-4.097399999999993,294,76
PISA,2025,PRT,science,481.716,3.5177,478.6846,478.6846,484.3735,3.031400000000019,3.031400000000019,-2.6574999999999704,294,76
PISA,2025,PRY,science,355.2441,1.9713,372.51,372.51,368.3278,-17.265899999999988,-17.265899999999988,-13.083700000000022,294,76
PISA,2025,PSE,science,358.7395,1.9473,380.542,380.542,368.8151,-21.802499999999952,-21.802499999999952,-10.075599999999952,294,76
PISA,2025,QAT,science,434.3997,1.3403,431.7758,431.7758,432.4025,2.623899999999992,2.623899999999992,1.9972000000000207,294,76
PISA,2025,ROU,science,424.7091,4.1502,432.6365,432.6365,427.5111,-7.927400000000034,-7.927400000000034,-2.802000000000021,294,76
PISA,2025,SAU,science,413.4301,2.6455,399.76,399.76,390.3876,13.67009999999999,13.67009999999999,23.04249999999996,294,76
PISA,2025,SGP,science,559.8506,1.7129,552.9117,552.9117,561.4333,6.93889999999999,6.93889999999999,-1.5827000000000453,294,76
PISA,2025,SLV,science,384.6732,2.1761,376.9979,376.9979,373.1413,7.675299999999993,7.675299999999993,11.531900000000007,294,76
PISA,2025,SRB,science,428.9946,2.9288,447.8573,447.8573,447.4607,-18.862700000000018,-18.862700000000018,-18.466099999999983,294,76
PISA,2025,SVK,science,474.8721,2.5046,462.9366,462.9366,462.2695,11.93549999999999,11.93549999999999,12.602599999999995,294,76
PISA,2025,SVN,science,483.722,1.2774,491.1458,491.1458,499.9649,-7.423800000000028,-7.423800000000028,-16.24290000000002,294,76
PISA,2025,SWE,science,485.1107,2.9939,488.6329,488.6329,493.5493,-3.522199999999998,-3.522199999999998,-8.438600000000008,294,76
PISA,2025,TAP,science,539.7017,3.008,530.9756,530.9756,537.3804,8.726099999999974,8.726099999999974,2.321299999999951,294,76
PISA,2025,THA,science,432.2405,3.1886,412.4096,412.4096,409.2643,19.830899999999986,19.830899999999986,22.976200000000006,294,76
PISA,2025,TUR,science,494.2691,2.305,468.4754,468.4754,475.9378,25.7937,25.7937,18.3313,294,76
PISA,2025,URY,science,444.5493,1.8163,432.077,432.077,435.3848,12.472300000000018,12.472300000000018,9.164500000000032,294,76
PISA,2025,USA,science,501.5832,5.8165,485.7305,485.7305,499.4141,15.85269999999997,15.85269999999997,2.1690999999999576,294,76
PISA,2025,UZB,science,437.597,2.726,371.7265,371.7265,354.8636,65.87049999999999,65.87049999999999,82.73339999999996,294,76
PISA,2025,VNM,science,457.4209,3.9283,470.8416,470.8416,472.381,-13.42070000000001,-13.42070000000001,-14.960099999999954,294,76
TIMSS,1999,AUS,mathematics,525.0803,4.7291,,,,,,,0,20
TIMSS,1999,BFL,mathematics,557.9584,3.4925,,,548.3267,,,9.631700000000023,0,20
TIMSS,1999,CAN,mathematics,530.7527,2.3427,,,505.7743,,,24.978400000000022,0,20
TIMSS,1999,CYP,mathematics,476.3821,1.856,,,451.446,,,24.936099999999954,0,20
TIMSS,1999,CZE,mathematics,519.874,4.144,,,529.102,,,-9.227999999999952,0,20
TIMSS,1999,ENG,mathematics,496.33,4.2384,,,483.5895,,,12.740499999999997,0,20
TIMSS,1999,HKG,mathematics,582.0556,4.2839,,,,,,,0,20
TIMSS,1999,IRN,mathematics,422.1482,3.4175,,,397.6076,,,24.540599999999984,0,20
TIMSS,1999,ISR,mathematics,466.336,4.2778,,,513.3149,,,-46.97889999999995,0,20
TIMSS,1999,ITA,mathematics,479.4788,3.8793,,,471.8647,,,7.614099999999951,0,20
TIMSS,1999,KOR,mathematics,587.1518,2.047,,,,,,,0,20
TIMSS,1999,LTU,mathematics,481.5673,4.2619,,,447.7643,,,33.803,0,20
TIMSS,1999,LVA,mathematics,505.0591,3.4676,,,472.355,,,32.70409999999998,0,20
TIMSS,1999,NLD,mathematics,539.8754,7.2731,,,,,,,0,20
TIMSS,1999,NZL,mathematics,490.9674,5.3025,,,483.7564,,,7.211000000000013,0,20
TIMSS,1999,ROM,mathematics,472.4399,5.6448,,,460.2217,,,12.218200000000024,0,20
TIMSS,1999,RUS,mathematics,526.0227,5.8005,,,508.739,,,17.28370000000001,0,20
TIMSS,1999,SGP,mathematics,604.3935,6.3137,,,,,,,0,20
TIMSS,1999,SVN,mathematics,530.1125,2.923,,,512.0384,,,18.07409999999993,0,20
TIMSS,1999,THA,mathematics,467.3774,5.074,,,503.7922,,,-36.41479999999996,0,20
TIMSS,2003,BFL,mathematics,536.7097,2.8186,527.4998,527.4998,557.9584,9.209899999999948,9.209899999999948,-21.248699999999985,20,22
TIMSS,2003,BGR,mathematics,476.1686,4.3427,519.2422,519.2422,510.5905,-43.0736,-43.0736,-34.421899999999994,20,22
TIMSS,2003,CYP,mathematics,459.3659,1.7099,509.637,509.637,476.3821,-50.27109999999999,-50.27109999999999,-17.01619999999997,20,22
TIMSS,2003,ENG,mathematics,498.4637,4.633,518.7947,518.7947,496.33,-20.331000000000017,-20.331000000000017,2.133700000000033,20,22
TIMSS,2003,HKG,mathematics,586.0515,3.3611,530.5922,530.5922,582.0556,55.459299999999985,55.459299999999985,3.995900000000006,20,22
TIMSS,2003,HUN,mathematics,529.2745,3.283,525.0527,525.0527,531.6012,4.22180000000003,4.22180000000003,-2.32669999999996,20,22
TIMSS,2003,ISR,mathematics,495.6478,3.4023,508.7958,508.7958,466.336,-13.147999999999968,-13.147999999999968,29.311800000000005,20,22
TIMSS,2003,ITA,mathematics,483.5993,3.1808,512.7274,512.7274,479.4788,-29.12809999999996,-29.12809999999996,4.12050000000005,20,22
TIMSS,2003,KOR,mathematics,589.0916,2.2224,532.8606,532.8606,587.1518,56.230999999999995,56.230999999999995,1.939799999999991,20,22
TIMSS,2003,LTU,mathematics,501.6151,2.4927,512.6226,512.6226,481.5673,-11.00750000000005,-11.00750000000005,20.047799999999995,20,22
TIMSS,2003,LVA,mathematics,508.3273,3.0814,517.2118,517.2118,505.0591,-8.88450000000006,-8.88450000000006,3.268199999999979,20,22
TIMSS,2003,MAR,mathematics,386.5391,2.4996,478.2651,478.2651,336.5966,-91.726,-91.726,49.942499999999995,20,22
TIMSS,2003,MDA,mathematics,459.8948,3.9799,508.5055,508.5055,469.2306,-48.61070000000001,-48.61070000000001,-9.335800000000006,20,22
TIMSS,2003,MKD,mathematics,434.9835,3.5574,505.1203,505.1203,446.6035,-70.1368,-70.1368,-11.620000000000005,20,22
TIMSS,2003,MYS,mathematics,508.3358,4.1385,518.4642,518.4642,519.2561,-10.1284,-10.1284,-10.92029999999994,20,22
TIMSS,2003,NLD,mathematics,536.2731,3.8056,525.6507,525.6507,539.8754,10.62239999999997,10.62239999999997,-3.602300000000014,20,22
TIMSS,2003,PHL,mathematics,377.6899,5.2156,481.2673,481.2673,344.9052,-103.57739999999995,-103.57739999999995,32.78470000000004,20,22
TIMSS,2003,ROM,mathematics,475.2816,4.8648,509.9902,509.9902,472.4399,-34.70859999999999,-34.70859999999999,2.841700000000003,20,22
TIMSS,2003,RUS,mathematics,508.0408,3.8444,522.3892,522.3892,526.0227,-14.34839999999997,-14.34839999999997,-17.981899999999996,20,22
TIMSS,2003,SVK,mathematics,507.7401,3.3771,524.0088,524.0088,533.9532,-16.268699999999967,-16.268699999999967,-26.213100000000054,20,22
TIMSS,2003,SVN,mathematics,492.9556,2.1847,523.3082,523.3082,530.1125,-30.352600000000052,-30.352600000000052,-37.15689999999995,20,22
TIMSS,2003,TUN,mathematics,410.3295,2.2119,503.0308,503.0308,447.9252,-92.7013,-92.7013,-37.59570000000002,20,22
TIMSS,2007,BHR,mathematics,398.0714,1.6454,453.6694,453.6694,401.1962,-55.59800000000001,-55.59800000000001,-3.1247999999999934,42,23
TIMSS,2007,BSQ,mathematics,498.5589,3.113,499.6926,499.6926,487.0615,-1.133700000000033,-1.133700000000033,11.49739999999997,42,23
TIMSS,2007,COT,mathematics,517.2319,3.6127,540.7996,540.7996,520.9319,-23.56770000000006,-23.56770000000006,-3.7000000000000455,42,23
TIMSS,2007,CQU,mathematics,528.1098,3.4621,544.8686,544.8686,543.0746,-16.758800000000065,-16.758800000000065,-14.964800000000082,42,23
TIMSS,2007,CYP,mathematics,465.4771,1.7193,477.2043,477.2043,459.3659,-11.727199999999982,-11.727199999999982,6.111199999999997,42,23
TIMSS,2007,EGY,mathematics,390.5573,3.6163,451.3863,451.3863,406.1682,-60.82900000000001,-60.82900000000001,-15.610900000000015,42,23
TIMSS,2007,GHA,mathematics,309.3695,4.499,359.4918,359.4918,275.7042,-50.122299999999996,-50.122299999999996,33.6653,42,23
TIMSS,2007,HKG,mathematics,572.4867,5.9035,602.9296,602.9296,586.0515,-30.44290000000001,-30.44290000000001,-13.564799999999991,42,23
TIMSS,2007,HUN,mathematics,516.8952,3.4634,554.4925,554.4925,529.2745,-37.597299999999905,-37.597299999999905,-12.379299999999944,42,23
TIMSS,2007,ISR,mathematics,463.2513,3.9936,502.9129,502.9129,495.6478,-39.661599999999964,-39.661599999999964,-32.3965,42,23
TIMSS,2007,ITA,mathematics,479.6261,3.0765,510.8086,510.8086,483.5993,-31.182500000000005,-31.182500000000005,-3.97320000000002,42,23
TIMSS,2007,JPN,mathematics,569.8098,2.4333,543.5695,543.5695,,26.240300000000047,26.240300000000047,,42,23
TIMSS,2007,LTU,mathematics,505.8179,2.4556,512.9359,512.9359,501.6151,-7.117999999999938,-7.117999999999938,4.202800000000025,42,23
TIMSS,2007,MAR,mathematics,380.7835,3.1753,365.7751,365.7751,386.5391,15.008399999999995,15.008399999999995,-5.755600000000015,42,23
TIMSS,2007,MYS,mathematics,473.8857,5.1342,513.3612,513.3612,508.3358,-39.47550000000007,-39.47550000000007,-34.45010000000002,42,23
TIMSS,2007,NOR,mathematics,469.2158,2.0028,485.6583,485.6583,,-16.442499999999995,-16.442499999999995,,42,23
TIMSS,2007,ROM,mathematics,461.3179,4.1519,490.3644,490.3644,475.2816,-29.04649999999998,-29.04649999999998,-13.963700000000017,42,23
TIMSS,2007,RUS,mathematics,511.7337,3.9729,540.4123,540.4123,508.0408,-28.67859999999996,-28.67859999999996,3.6929000000000087,42,23
TIMSS,2007,SCO,mathematics,487.406,3.7392,505.9447,505.9447,,-18.538700000000006,-18.538700000000006,,42,23
TIMSS,2007,SWE,mathematics,491.3001,2.2689,513.1393,513.1393,499.0584,-21.839200000000062,-21.839200000000062,-7.75830000000002,42,23
TIMSS,2007,THA,mathematics,441.3904,4.9805,500.5653,500.5653,,-59.17489999999998,-59.17489999999998,,42,23
TIMSS,2007,TUN,mathematics,420.4132,2.4805,373.5446,373.5446,410.3295,46.868600000000015,46.868600000000015,10.083700000000022,42,23
TIMSS,2007,TWN,mathematics,598.3012,4.584,543.5771,543.5771,,54.72410000000002,54.72410000000002,,42,23
TIMSS,2011,ADU,mathematics,477.5646,2.2005,474.9132,474.9132,,2.651399999999967,2.651399999999967,,65,27
TIMSS,2011,ARM,mathematics,466.588,2.7861,497.2059,497.2059,,-30.617899999999963,-30.617899999999963,,65,27
TIMSS,2011,AUS,mathematics,504.8024,5.1592,502.8449,502.8449,,1.9574999999999818,1.9574999999999818,,65,27
TIMSS,2011,BHR,mathematics,409.2168,1.8968,450.5156,450.5156,398.0714,-41.29880000000003,-41.29880000000003,11.145399999999995,65,27
TIMSS,2011,CAB,mathematics,505.1407,2.6468,497.9163,497.9163,,7.224400000000003,7.224400000000003,,65,27
TIMSS,2011,COT,mathematics,511.6252,2.4369,525.9681,525.9681,517.2319,-14.342900000000043,-14.342900000000043,-5.606699999999989,65,27
TIMSS,2011,CQU,mathematics,531.5639,2.4153,529.6314,529.6314,528.1098,1.9325000000000045,1.9325000000000045,3.4541000000000395,65,27
TIMSS,2011,GEO,mathematics,431.1388,3.7402,425.9625,425.9625,409.6166,5.176300000000026,5.176300000000026,21.522199999999998,65,27
TIMSS,2011,GHA,mathematics,330.8306,4.3731,371.415,371.415,309.3695,-40.58440000000002,-40.58440000000002,21.461099999999988,65,27
TIMSS,2011,HUN,mathematics,504.8063,3.5352,528.1793,528.1793,516.8952,-23.37299999999999,-23.37299999999999,-12.088900000000024,65,27
TIMSS,2011,IRN,mathematics,414.9606,4.2987,416.9728,416.9728,403.3795,-2.012200000000007,-2.012200000000007,11.581099999999992,65,27
TIMSS,2011,ISR,mathematics,515.8438,4.1332,479.2203,479.2203,463.2513,36.62349999999998,36.62349999999998,52.59249999999997,65,27
TIMSS,2011,ITA,mathematics,498.376,2.3363,499.8783,499.8783,479.6261,-1.502300000000048,-1.502300000000048,18.74989999999997,65,27
TIMSS,2011,JOR,mathematics,405.8822,3.8611,466.6515,466.6515,426.8926,-60.76929999999999,-60.76929999999999,-21.010400000000004,65,27
TIMSS,2011,JPN,mathematics,569.8295,2.6165,546.9874,546.9874,569.8098,22.842100000000073,22.842100000000073,0.019700000000057116,65,27
TIMSS,2011,KAZ,mathematics,486.9523,4.151,516.5716,516.5716,,-29.61930000000001,-29.61930000000001,,65,27
TIMSS,2011,MAR,mathematics,371.1454,2.0425,426.868,426.868,380.7835,-55.7226,-55.7226,-9.638100000000009,65,27
TIMSS,2011,MYS,mathematics,439.8237,5.4704,484.5898,484.5898,473.8857,-44.76610000000005,-44.76610000000005,-34.06200000000001,65,27
TIMSS,2011,NOR,mathematics,474.6427,2.4602,480.9945,480.9945,469.2158,-6.351800000000026,-6.351800000000026,5.426899999999989,65,27
TIMSS,2011,NZL,mathematics,487.7788,5.3964,493.6908,493.6908,,-5.912000000000035,-5.912000000000035,,65,27
TIMSS,2011,QAT,mathematics,409.5958,3.0777,300.1823,300.1823,306.7909,109.4135,109.4135,102.80489999999998,65,27
TIMSS,2011,ROM,mathematics,457.9483,4.0579,476.8982,476.8982,461.3179,-18.949899999999957,-18.949899999999957,-3.3695999999999913,65,27
TIMSS,2011,SAU,mathematics,393.8235,4.6895,404.6493,404.6493,329.3372,-10.825799999999958,-10.825799999999958,64.48630000000003,65,27
TIMSS,2011,THA,mathematics,427.1091,4.3748,470.2909,470.2909,441.3904,-43.18180000000001,-43.18180000000001,-14.281299999999987,65,27
TIMSS,2011,TUN,mathematics,424.7365,2.8305,393.172,393.172,420.4132,31.564499999999953,31.564499999999953,4.323299999999961,65,27
TIMSS,2011,TWN,mathematics,609.2786,3.2289,596.2379,596.2379,598.3012,13.040700000000015,13.040700000000015,10.977399999999989,65,27
TIMSS,2011,UKR,mathematics,479.1858,3.9166,475.8085,475.8085,462.162,3.377299999999991,3.377299999999991,17.023799999999994,65,27
TIMSS,2015,AAD,mathematics,441.6732,4.697,468.2728,468.2728,448.7581,-26.59960000000001,-26.59960000000001,-7.084900000000005,92,32
TIMSS,2015,ADU,mathematics,511.8523,2.0828,484.9383,484.9383,477.5646,26.913999999999987,26.913999999999987,34.28770000000003,92,32
TIMSS,2015,ARE,mathematics,464.7833,2.0017,473.4888,473.4888,,-8.705500000000029,-8.705500000000029,,92,32
TIMSS,2015,ARM,mathematics,471.4606,3.1771,468.7807,468.7807,466.588,2.679899999999975,2.679899999999975,4.872599999999977,92,32
TIMSS,2015,AUS,mathematics,504.9582,3.1088,516.1187,516.1187,504.8024,-11.160500000000013,-11.160500000000013,0.15579999999999927,92,32
TIMSS,2015,BHR,mathematics,453.9526,1.4372,434.8039,434.8039,409.2168,19.14870000000002,19.14870000000002,44.73580000000004,92,32
TIMSS,2015,CAN,mathematics,527.2789,2.1541,483.8581,483.8581,,43.42080000000004,43.42080000000004,,92,32
TIMSS,2015,COT,mathematics,522.3017,2.851,519.466,519.466,511.6252,2.8356999999999744,2.8356999999999744,10.676499999999976,92,32
TIMSS,2015,CQU,mathematics,543.3564,3.8553,535.0714,535.0714,531.5639,8.284999999999968,8.284999999999968,11.792500000000018,92,32
TIMSS,2015,HKG,mathematics,594.2529,4.6177,517.9846,517.9846,,76.26829999999995,76.26829999999995,,92,32
TIMSS,2015,HUN,mathematics,514.4144,3.7781,514.8316,514.8316,504.8063,-0.4171999999999798,-0.4171999999999798,9.608099999999979,92,32
TIMSS,2015,IRL,mathematics,523.4944,2.7324,495.5699,495.5699,,27.924500000000023,27.924500000000023,,92,32
TIMSS,2015,IRN,mathematics,436.3492,4.6428,453.9847,453.9847,414.9606,-17.63549999999998,-17.63549999999998,21.388599999999997,92,32
TIMSS,2015,ISR,mathematics,510.8994,4.101,512.9021,512.9021,515.8438,-2.0027000000000044,-2.0027000000000044,-4.944399999999973,92,32
TIMSS,2015,ITA,mathematics,494.3942,2.5248,505.7993,505.7993,498.376,-11.405100000000004,-11.405100000000004,-3.9817999999999643,92,32
TIMSS,2015,JOR,mathematics,385.5515,3.2304,444.2789,444.2789,405.8822,-58.727400000000046,-58.727400000000046,-20.330700000000036,92,32
TIMSS,2015,JPN,mathematics,586.469,2.2699,548.4804,548.4804,569.8295,37.98860000000002,37.98860000000002,16.639499999999998,92,32
TIMSS,2015,KAZ,mathematics,527.8068,5.2798,498.3116,498.3116,486.9523,29.495199999999954,29.495199999999954,40.85449999999997,92,32
TIMSS,2015,KWT,mathematics,392.4707,4.6459,450.8321,450.8321,,-58.3614,-58.3614,,92,32
TIMSS,2015,LTU,mathematics,511.3132,2.7651,497.7531,497.7531,,13.560099999999977,13.560099999999977,,92,32
TIMSS,2015,MAR,mathematics,384.3871,2.2531,384.4388,384.4388,371.1454,-0.05170000000003938,-0.05170000000003938,13.24169999999998,92,32
TIMSS,2015,MLT,mathematics,493.5411,0.9899,491.8076,491.8076,,1.7334999999999923,1.7334999999999923,,92,32
TIMSS,2015,MYS,mathematics,465.3131,3.568,456.7022,456.7022,439.8237,8.610900000000015,8.610900000000015,25.489400000000046,92,32
TIMSS,2015,OMN,mathematics,403.1564,2.4278,462.0893,462.0893,,-58.93289999999996,-58.93289999999996,,92,32
TIMSS,2015,QAT,mathematics,437.1088,2.9918,425.7472,425.7472,409.5958,11.361599999999953,11.361599999999953,27.512999999999977,92,32
TIMSS,2015,RUS,mathematics,537.9962,4.6586,496.979,496.979,,41.01720000000006,41.01720000000006,,92,32
TIMSS,2015,SAU,mathematics,367.7167,4.5884,417.2808,417.2808,393.8235,-49.564099999999996,-49.564099999999996,-26.10680000000002,92,32
TIMSS,2015,SGP,mathematics,620.956,3.1976,514.8385,514.8385,,106.11750000000006,106.11750000000006,,92,32
TIMSS,2015,SVN,mathematics,516.3411,2.0864,490.4956,490.4956,,25.84549999999996,25.84549999999996,,92,32
TIMSS,2015,THA,mathematics,431.4174,4.7645,448.5358,448.5358,427.1091,-17.11840000000001,-17.11840000000001,4.308299999999974,92,32
TIMSS,2015,TUR,mathematics,457.6286,4.7423,474.5276,474.5276,452.4902,-16.899,-16.899,5.13839999999999,92,32
TIMSS,2015,ZAF,mathematics,372.3729,4.5283,393.3835,393.3835,351.9087,-21.01060000000001,-21.01060000000001,20.464200000000005,92,32
TIMSS,2019,AAD,mathematics,436.0092,2.9405,446.562,446.562,441.6732,-10.55279999999999,-10.55279999999999,-5.663999999999987,124,34
TIMSS,2019,ADU,mathematics,537.1847,1.9526,512.4249,512.4249,511.8523,24.75980000000004,24.75980000000004,25.332400000000007,124,34
TIMSS,2019,ARE,mathematics,477.4985,4.3129,474.7373,474.7373,464.7833,2.761199999999974,2.761199999999974,12.715199999999982,124,34
TIMSS,2019,AUS,mathematics,517.277,3.7711,505.6464,505.6464,504.9582,11.630600000000015,11.630600000000015,12.318800000000067,124,34
TIMSS,2019,BHR,mathematics,481.0869,1.7021,463.2731,463.2731,453.9526,17.813800000000015,17.813800000000015,27.134299999999996,124,34
TIMSS,2019,CHL,mathematics,440.8369,2.7616,439.3348,439.3348,427.4262,1.5021000000000413,1.5021000000000413,13.41070000000002,124,34
TIMSS,2019,COT,mathematics,530.5544,4.2634,525.5771,525.5771,522.3017,4.977300000000014,4.977300000000014,8.252700000000004,124,34
TIMSS,2019,CQU,mathematics,543.826,3.6064,547.503,547.503,543.3564,-3.677000000000021,-3.677000000000021,0.469600000000014,124,34
TIMSS,2019,FIN,mathematics,509.0496,2.5533,496.729,496.729,,12.320600000000013,12.320600000000013,,124,34
TIMSS,2019,FRA,mathematics,483.1132,2.3984,478.3861,478.3861,,4.727100000000007,4.727100000000007,,124,34
TIMSS,2019,GEO,mathematics,456.2468,4.1998,472.9802,472.9802,,-16.733400000000017,-16.733400000000017,,124,34
TIMSS,2019,HKG,mathematics,578.3119,4.0617,602.4431,602.4431,594.2529,-24.13119999999992,-24.13119999999992,-15.940999999999917,124,34
TIMSS,2019,HUN,mathematics,518.3008,2.9219,524.5371,524.5371,514.4144,-6.236300000000028,-6.236300000000028,3.8863999999999805,124,34
TIMSS,2019,IRN,mathematics,446.1695,3.7263,448.2656,448.2656,436.3492,-2.0960999999999785,-2.0960999999999785,9.820300000000032,124,34
TIMSS,2019,ISR,mathematics,514.6275,4.0692,501.2403,501.2403,510.8994,13.387200000000064,13.387200000000064,3.7281000000000404,124,34
TIMSS,2019,ITA,mathematics,496.6127,2.2301,500.8743,500.8743,494.3942,-4.261599999999987,-4.261599999999987,2.218500000000006,124,34
TIMSS,2019,JOR,mathematics,420.2682,4.2625,423.1484,423.1484,385.5515,-2.880200000000002,-2.880200000000002,34.7167,124,34
TIMSS,2019,KAZ,mathematics,487.5616,3.2978,540.6448,540.6448,527.8068,-53.08320000000003,-53.08320000000003,-40.245199999999954,124,34
TIMSS,2019,KOR,mathematics,603.9645,2.7273,520.4823,520.4823,,83.48220000000003,83.48220000000003,,124,34
TIMSS,2019,LTU,mathematics,515.312,3.0878,524.4482,524.4482,511.3132,-9.13620000000003,-9.13620000000003,3.998800000000017,124,34
TIMSS,2019,MAR,mathematics,388.1867,2.2825,397.5655,397.5655,384.3871,-9.378800000000012,-9.378800000000012,3.799599999999998,124,34
TIMSS,2019,MYS,mathematics,461.1974,3.1534,480.2318,480.2318,465.3131,-19.034400000000005,-19.034400000000005,-4.115700000000004,124,34
TIMSS,2019,NOR,mathematics,505.3992,1.8747,497.5632,497.5632,,7.836000000000013,7.836000000000013,,124,34
TIMSS,2019,NZL,mathematics,481.5925,3.3648,482.4709,482.4709,,-0.8783999999999992,-0.8783999999999992,,124,34
TIMSS,2019,PRT,mathematics,500.5385,3.1521,501.5936,501.5936,,-1.0550999999999817,-1.0550999999999817,,124,34
TIMSS,2019,QAT,mathematics,447.914,3.852,446.4046,446.4046,437.1088,1.509399999999971,1.509399999999971,10.805200000000013,124,34
TIMSS,2019,RUS,mathematics,543.3773,4.4015,522.9605,522.9605,537.9962,20.416799999999967,20.416799999999967,5.381099999999947,124,34
TIMSS,2019,SAU,mathematics,393.7697,2.5438,417.879,417.879,367.7167,-24.10930000000002,-24.10930000000002,26.052999999999997,124,34
TIMSS,2019,SGP,mathematics,620.706,3.8919,585.2038,585.2038,620.956,35.502200000000016,35.502200000000016,-0.25,124,34
TIMSS,2019,SWE,mathematics,506.8241,2.4732,486.9403,486.9403,,19.883800000000008,19.883800000000008,,124,34
TIMSS,2019,TUR,mathematics,490.8104,4.5287,471.4087,471.4087,457.6286,19.401700000000005,19.401700000000005,33.18180000000001,124,34
TIMSS,2019,TWN,mathematics,613.4161,2.3407,522.0806,522.0806,,91.33550000000002,91.33550000000002,,124,34
TIMSS,2019,USA,mathematics,516.3007,4.6965,495.9347,495.9347,,20.365999999999985,20.365999999999985,,124,34
TIMSS,2019,ZAF,mathematics,389.4772,2.266,373.4352,373.4352,372.3729,16.041999999999973,16.041999999999973,17.104299999999967,124,34
TIMSS,2023,AAD,mathematics,453.784,2.7897,452.6099,452.6099,436.0092,1.17410000000001,1.17410000000001,17.77479999999997,158,31
TIMSS,2023,AUS,mathematics,508.7158,3.481,521.1381,521.1381,517.277,-12.422300000000007,-12.422300000000007,-8.561200000000042,158,31
TIMSS,2023,AZE,mathematics,478.659,3.7346,517.0841,517.0841,,-38.42510000000004,-38.42510000000004,,158,31
TIMSS,2023,BHR,mathematics,426.45,2.4361,492.4345,492.4345,481.0869,-65.98450000000003,-65.98450000000003,-54.636900000000026,158,31
TIMSS,2023,CHL,mathematics,415.9687,3.2082,442.5747,442.5747,440.8369,-26.605999999999995,-26.605999999999995,-24.8682,158,31
TIMSS,2023,CYP,mathematics,493.7793,2.6802,525.1929,525.1929,501.0823,-31.41360000000003,-31.41360000000003,-7.302999999999997,158,31
TIMSS,2023,CZE,mathematics,518.1843,2.2719,498.3918,498.3918,,19.792500000000018,19.792500000000018,,158,31
TIMSS,2023,ENG,mathematics,524.7728,4.5371,544.1649,544.1649,520.3898,-19.392100000000028,-19.392100000000028,4.3829999999999245,158,31
TIMSS,2023,FIN,mathematics,503.8013,2.5538,519.7517,519.7517,509.0496,-15.950400000000002,-15.950400000000002,-5.248299999999972,158,31
TIMSS,2023,FRA,mathematics,478.6812,3.1388,491.7872,491.7872,483.1132,-13.105999999999995,-13.105999999999995,-4.432000000000016,158,31
TIMSS,2023,GEO,mathematics,466.7546,3.2168,483.0783,483.0783,456.2468,-16.32370000000003,-16.32370000000003,10.507799999999975,158,31
TIMSS,2023,HKG,mathematics,574.7027,5.0347,613.1889,613.1889,578.3119,-38.48619999999994,-38.48619999999994,-3.609199999999987,158,31
TIMSS,2023,HUN,mathematics,506.1218,3.7469,528.0907,528.0907,518.3008,-21.968899999999962,-21.968899999999962,-12.178999999999974,158,31
TIMSS,2023,IRL,mathematics,521.6572,2.7193,509.8947,509.8947,,11.762499999999989,11.762499999999989,,158,31
TIMSS,2023,IRN,mathematics,423.3231,3.5642,454.7828,454.7828,446.1695,-31.459699999999998,-31.459699999999998,-22.846400000000017,158,31
TIMSS,2023,ITA,mathematics,500.5642,3.0043,512.5003,512.5003,496.6127,-11.93610000000001,-11.93610000000001,3.95150000000001,158,31
TIMSS,2023,KAZ,mathematics,454.0894,3.534,508.8908,508.8908,487.5616,-54.8014,-54.8014,-33.47219999999999,158,31
TIMSS,2023,KOR,mathematics,595.9943,3.0492,614.3021,614.3021,603.9645,-18.307800000000043,-18.307800000000043,-7.970200000000091,158,31
TIMSS,2023,KWT,mathematics,398.6539,5.2145,450.3466,450.3466,,-51.6927,-51.6927,,158,31
TIMSS,2023,LTU,mathematics,513.597,3.1456,533.3835,533.3835,515.312,-19.786500000000046,-19.786500000000046,-1.7150000000000318,158,31
TIMSS,2023,MAR,mathematics,377.8809,3.0039,398.3487,398.3487,388.1867,-20.46780000000001,-20.46780000000001,-10.305799999999977,158,31
TIMSS,2023,MYS,mathematics,410.6851,3.4839,478.9629,478.9629,461.1974,-68.27780000000001,-68.27780000000001,-50.51230000000004,158,31
TIMSS,2023,NOR,mathematics,500.6292,2.2503,526.8615,526.8615,505.3992,-26.232299999999952,-26.232299999999952,-4.769999999999982,158,31
TIMSS,2023,NZL,mathematics,485.4895,4.0653,488.0896,488.0896,481.5925,-2.6000999999999976,-2.6000999999999976,3.897000000000048,158,31
TIMSS,2023,OMN,mathematics,410.8779,2.7091,466.5718,466.5718,,-55.693899999999985,-55.693899999999985,,158,31
TIMSS,2023,PRT,mathematics,475.4719,2.6857,524.6456,524.6456,500.5385,-49.17369999999994,-49.17369999999994,-25.066599999999994,158,31
TIMSS,2023,SGP,mathematics,605.3191,6.0519,639.6507,639.6507,620.706,-34.33159999999998,-34.33159999999998,-15.386899999999969,158,31
TIMSS,2023,SWE,mathematics,517.3197,2.4038,516.3883,516.3883,506.8241,0.9314000000000533,0.9314000000000533,10.495600000000024,158,31
TIMSS,2023,TUR,mathematics,508.568,4.2811,508.2023,508.2023,490.8104,0.3657000000000039,0.3657000000000039,17.757599999999968,158,31
TIMSS,2023,TWN,mathematics,602.4299,3.0763,628.081,628.081,613.4161,-25.651100000000042,-25.651100000000042,-10.986200000000053,158,31
TIMSS,2023,USA,mathematics,488.0068,4.1885,530.2387,530.2387,516.3007,-42.231899999999996,-42.231899999999996,-28.293900000000008,158,31
TIMSS,1999,AUS,science,540.2582,4.5311,,,,,,,0,20
TIMSS,1999,BFL,science,534.8579,2.9423,,,525.0407,,,9.817199999999957,0,20
TIMSS,1999,CAN,science,533.082,2.1937,,,499.9413,,,33.14069999999998,0,20
TIMSS,1999,CYP,science,460.2383,2.3172,,,429.0906,,,31.147699999999986,0,20
TIMSS,1999,CZE,science,539.4169,4.1587,,,538.0504,,,1.3665000000000873,0,20
TIMSS,1999,ENG,science,538.4682,4.7724,,,516.3168,,,22.15140000000008,0,20
TIMSS,1999,HKG,science,529.5473,3.4967,,,,,,,0,20
TIMSS,1999,IRN,science,448.0025,3.791,,,446.6397,,,1.362799999999993,0,20
TIMSS,1999,ISR,science,468.0621,5.3033,,,508.9575,,,-40.895399999999995,0,20
TIMSS,1999,ITA,science,493.2808,3.9902,,,476.9163,,,16.36450000000002,0,20
TIMSS,1999,KOR,science,548.6424,2.6807,,,,,,,0,20
TIMSS,1999,LTU,science,488.1521,4.1192,,,429.947,,,58.205100000000016,0,20
TIMSS,1999,LVA,science,502.6928,4.8333,,,449.5737,,,53.1191,0,20
TIMSS,1999,NLD,science,544.7493,7.0452,,,,,,,0,20
TIMSS,1999,NZL,science,509.6338,5.1268,,,490.1169,,,19.51690000000002,0,20
TIMSS,1999,ROM,science,471.8655,5.7346,,,455.026,,,16.839499999999987,0,20
TIMSS,1999,RUS,science,529.22,6.4476,,,496.849,,,32.37100000000004,0,20
TIMSS,1999,SGP,science,567.8942,8.0299,,,,,,,0,20
TIMSS,1999,SVN,science,533.2546,3.3047,,,526.9626,,,6.29200000000003,0,20
TIMSS,1999,THA,science,482.314,3.9146,,,495.5945,,,-13.280499999999961,0,20
TIMSS,2003,BFL,science,515.5065,2.4615,530.7577,530.7577,534.8579,-15.25120000000004,-15.25120000000004,-19.351400000000012,20,22
TIMSS,2003,BGR,science,478.8431,5.1653,522.789,522.789,518.011,-43.945899999999995,-43.945899999999995,-39.167899999999975,20,22
TIMSS,2003,CYP,science,441.4736,2.0895,506.4647,506.4647,460.2383,-64.99110000000002,-64.99110000000002,-18.764700000000005,20,22
TIMSS,2003,ENG,science,543.8965,4.0403,526.3064,526.3064,538.4682,17.590099999999893,17.590099999999893,5.428299999999922,20,22
TIMSS,2003,HKG,science,556.0891,3.0414,531.5947,531.5947,529.5473,24.49440000000004,24.49440000000004,26.54180000000008,20,22
TIMSS,2003,HUN,science,542.7608,2.8135,532.5572,532.5572,552.3812,10.203600000000051,10.203600000000051,-9.620400000000018,20,22
TIMSS,2003,ISR,science,488.2002,3.1419,507.4158,507.4158,468.0621,-19.215599999999995,-19.215599999999995,20.13810000000001,20,22
TIMSS,2003,ITA,science,490.8905,3.1106,514.3881,514.3881,493.2808,-23.497600000000034,-23.497600000000034,-2.3903000000000247,20,22
TIMSS,2003,KOR,science,558.3992,1.5802,536.4573,536.4573,548.6424,21.94189999999992,21.94189999999992,9.756799999999998,20,22
TIMSS,2003,LTU,science,519.3805,2.1903,513.3787,513.3787,488.1521,6.001800000000003,6.001800000000003,31.228399999999965,20,22
TIMSS,2003,LVA,science,512.3627,2.6627,518.7643,518.7643,502.6928,-6.40160000000003,-6.40160000000003,9.669900000000041,20,22
TIMSS,2003,MAR,science,396.4738,2.6986,462.6222,462.6222,322.8162,-66.14840000000004,-66.14840000000004,73.6576,20,22
TIMSS,2003,MDA,science,472.4226,3.4574,505.5958,505.5958,459.137,-33.17320000000001,-33.17320000000001,13.285599999999988,20,22
TIMSS,2003,MKD,science,449.3729,3.5692,503.4127,503.4127,458.0946,-54.03979999999996,-54.03979999999996,-8.721699999999998,20,22
TIMSS,2003,MYS,science,510.4518,3.6436,517.6043,517.6043,492.4313,-7.152499999999975,-7.152499999999975,18.02049999999997,20,22
TIMSS,2003,NLD,science,535.7651,3.1065,531.4985,531.4985,544.7493,4.266599999999926,4.266599999999926,-8.984199999999987,20,22
TIMSS,2003,PHL,science,377.3732,5.7673,468.5295,468.5295,345.2293,-91.15629999999999,-91.15629999999999,32.143899999999974,20,22
TIMSS,2003,ROM,science,469.6042,4.8906,508.821,508.821,471.8655,-39.216800000000035,-39.216800000000035,-2.2613000000000056,20,22
TIMSS,2003,RUS,science,513.6214,3.6345,526.7109,526.7109,529.22,-13.089500000000044,-13.089500000000044,-15.598600000000033,20,22
TIMSS,2003,SVK,science,516.7849,3.1639,528.733,528.733,535.0093,-11.948099999999954,-11.948099999999954,-18.22440000000006,20,22
TIMSS,2003,SVN,science,520.4978,1.8506,527.9968,527.9968,533.2546,-7.499000000000024,-7.499000000000024,-12.756799999999998,20,22
TIMSS,2003,TUN,science,403.5475,2.1384,496.9019,496.9019,429.5117,-93.3544,-93.3544,-25.964200000000005,20,22
TIMSS,2007,BHR,science,467.4476,1.7125,461.216,461.216,438.2555,6.2316000000000145,6.2316000000000145,29.19210000000004,42,23
TIMSS,2007,BSQ,science,497.7063,2.9951,501.5498,501.5498,488.7535,-3.843500000000006,-3.843500000000006,8.952800000000025,42,23
TIMSS,2007,COT,science,526.1282,3.6355,542.7542,542.7542,532.9198,-16.625999999999976,-16.625999999999976,-6.791600000000017,42,23
TIMSS,2007,CQU,science,506.5887,3.0403,539.6215,539.6215,531.0131,-33.03279999999995,-33.03279999999995,-24.42439999999999,42,23
TIMSS,2007,CYP,science,451.6235,2.1544,476.8114,476.8114,441.4736,-25.187900000000013,-25.187900000000013,10.149900000000002,42,23
TIMSS,2007,EGY,science,408.2421,3.5686,455.9589,455.9589,421.1171,-47.716800000000035,-47.716800000000035,-12.875,42,23
TIMSS,2007,GHA,science,303.2725,5.3978,360.9688,360.9688,255.3242,-57.69630000000001,-57.69630000000001,47.94829999999999,42,23
TIMSS,2007,HKG,science,530.2093,4.9562,577.6867,577.6867,556.0891,-47.47739999999999,-47.47739999999999,-25.879800000000046,42,23
TIMSS,2007,HUN,science,539.0342,2.9138,549.3107,549.3107,542.7608,-10.276499999999942,-10.276499999999942,-3.726599999999962,42,23
TIMSS,2007,ISR,science,467.9215,4.2714,503.4626,503.4626,488.2002,-35.54110000000003,-35.54110000000003,-20.278700000000015,42,23
TIMSS,2007,ITA,science,495.1468,2.9254,511.9771,511.9771,490.8905,-16.830300000000022,-16.830300000000022,4.25630000000001,42,23
TIMSS,2007,JPN,science,553.8151,1.8296,526.6499,526.6499,,27.165200000000027,27.165200000000027,,42,23
TIMSS,2007,LTU,science,518.5589,2.5725,516.7377,516.7377,519.3805,1.8211999999999762,1.8211999999999762,-0.8215999999999894,42,23
TIMSS,2007,MAR,science,401.8307,3.0325,391.0269,391.0269,396.4738,10.803799999999967,10.803799999999967,5.356899999999996,42,23
TIMSS,2007,MYS,science,470.8015,5.9863,515.0197,515.0197,510.4518,-44.21819999999997,-44.21819999999997,-39.650300000000016,42,23
TIMSS,2007,NOR,science,486.7578,2.2426,495.7449,495.7449,,-8.987099999999998,-8.987099999999998,,42,23
TIMSS,2007,ROM,science,461.9004,3.6989,491.3912,491.3912,469.6042,-29.490800000000036,-29.490800000000036,-7.703800000000001,42,23
TIMSS,2007,RUS,science,529.5702,3.7135,532.889,532.889,513.6214,-3.31880000000001,-3.31880000000001,15.948800000000006,42,23
TIMSS,2007,SCO,science,495.7318,3.3992,507.9976,507.9976,,-12.265799999999956,-12.265799999999956,,42,23
TIMSS,2007,SWE,science,510.6904,2.5305,517.9516,517.9516,524.258,-7.261199999999974,-7.261199999999974,-13.567600000000027,42,23
TIMSS,2007,THA,science,470.6135,4.2973,501.8417,501.8417,,-31.228200000000015,-31.228200000000015,,42,23
TIMSS,2007,TUN,science,444.8976,2.0653,400.1482,400.1482,403.5475,44.74940000000004,44.74940000000004,41.3501,42,23
TIMSS,2007,TWN,science,561.0029,3.6498,527.9586,527.9586,,33.04429999999991,33.04429999999991,,42,23
TIMSS,2011,ADU,science,485.0713,2.5748,486.8402,486.8402,,-1.7688999999999737,-1.7688999999999737,,65,27
TIMSS,2011,ARM,science,436.9247,3.0928,497.3593,497.3593,,-60.434600000000046,-60.434600000000046,,65,27
TIMSS,2011,AUS,science,519.2655,4.7233,503.5467,503.5467,,15.718799999999987,15.718799999999987,,65,27
TIMSS,2011,BHR,science,452.4249,1.93,467.2825,467.2825,467.4476,-14.857600000000048,-14.857600000000048,-15.022700000000043,65,27
TIMSS,2011,CAB,science,545.6025,2.4183,503.2037,503.2037,,42.39879999999994,42.39879999999994,,65,27
TIMSS,2011,COT,science,521.2937,2.4379,529.8222,529.8222,526.1282,-8.528500000000008,-8.528500000000008,-4.834500000000048,65,27
TIMSS,2011,CQU,science,519.9151,2.5771,523.9455,523.9455,506.5887,-4.030399999999986,-4.030399999999986,13.326400000000035,65,27
TIMSS,2011,GEO,science,419.9363,2.9818,438.1385,438.1385,420.9025,-18.202200000000005,-18.202200000000005,-0.966199999999958,65,27
TIMSS,2011,GHA,science,305.993,5.336,377.0175,377.0175,303.2725,-71.02449999999999,-71.02449999999999,2.7205000000000155,65,27
TIMSS,2011,HUN,science,522.3938,3.12,534.8448,534.8448,539.0342,-12.450999999999908,-12.450999999999908,-16.6404,65,27
TIMSS,2011,IRN,science,474.3855,3.994,448.4367,448.4367,458.9289,25.948800000000006,25.948800000000006,15.45659999999998,65,27
TIMSS,2011,ISR,science,515.6962,3.9875,483.6629,483.6629,467.9215,32.0333,32.0333,47.774699999999996,65,27
TIMSS,2011,ITA,science,501.1109,2.3787,506.8102,506.8102,495.1468,-5.699299999999994,-5.699299999999994,5.96410000000003,65,27
TIMSS,2011,JOR,science,449.0001,4.0566,480.3714,480.3714,481.7211,-31.37130000000002,-31.37130000000002,-32.721000000000004,65,27
TIMSS,2011,JPN,science,557.7287,2.3878,545.8229,545.8229,553.8151,11.9058,11.9058,3.913599999999974,65,27
TIMSS,2011,KAZ,science,489.9106,4.187,509.0836,509.0836,,-19.173000000000002,-19.173000000000002,,65,27
TIMSS,2011,MAR,science,375.8871,2.1928,435.7157,435.7157,401.8307,-59.82860000000005,-59.82860000000005,-25.943600000000004,65,27
TIMSS,2011,MYS,science,426.4937,6.1781,487.5004,487.5004,470.8015,-61.00670000000002,-61.00670000000002,-44.307799999999986,65,27
TIMSS,2011,NOR,science,494.374,2.6123,490.6281,490.6281,486.7578,3.745900000000006,3.745900000000006,7.616200000000049,65,27
TIMSS,2011,NZL,science,512.0371,4.6086,497.9633,497.9633,,14.073800000000006,14.073800000000006,,65,27
TIMSS,2011,QAT,science,418.6641,3.2477,338.0147,338.0147,318.8538,80.64940000000001,80.64940000000001,99.81030000000004,65,27
TIMSS,2011,ROM,science,464.6945,3.5446,480.6801,480.6801,461.9004,-15.985599999999977,-15.985599999999977,2.7941000000000145,65,27
TIMSS,2011,SAU,science,436.3522,3.7845,423.5301,423.5301,403.2452,12.822099999999978,12.822099999999978,33.10699999999997,65,27
TIMSS,2011,THA,science,450.8923,3.9598,479.3541,479.3541,470.6135,-28.46180000000004,-28.46180000000004,-19.72120000000001,65,27
TIMSS,2011,TUN,science,438.5611,2.3814,425.4201,425.4201,444.8976,13.14100000000002,13.14100000000002,-6.336500000000001,65,27
TIMSS,2011,TWN,science,563.8045,2.3432,576.0086,576.0086,561.0029,-12.20410000000004,-12.20410000000004,2.8016000000000076,65,27
TIMSS,2011,UKR,science,500.9918,3.4634,487.2968,487.2968,485.063,13.694999999999993,13.694999999999993,15.928800000000024,65,27
TIMSS,2015,AAD,science,454.2489,5.5932,475.6064,475.6064,461.4093,-21.357500000000016,-21.357500000000016,-7.1603999999999814,92,32
TIMSS,2015,ADU,science,524.7226,1.9942,491.1653,491.1653,485.0713,33.557300000000055,33.557300000000055,39.65130000000005,92,32
TIMSS,2015,ARE,science,476.6461,2.2833,482.4472,482.4472,,-5.8011000000000195,-5.8011000000000195,,92,32
TIMSS,2015,ARM,science,460.1724,3.2795,462.8366,462.8366,436.9247,-2.664199999999994,-2.664199999999994,23.24770000000001,92,32
TIMSS,2015,AUS,science,511.9865,2.6758,519.7877,519.7877,519.2655,-7.801199999999994,-7.801199999999994,-7.278999999999996,92,32
TIMSS,2015,BHR,science,465.8525,2.1808,457.0621,457.0621,452.4249,8.790400000000034,8.790400000000034,13.42760000000004,92,32
TIMSS,2015,CAN,science,526.1718,2.1832,488.8723,488.8723,,37.299499999999966,37.299499999999966,,92,32
TIMSS,2015,COT,science,523.872,2.5075,523.3959,523.3959,521.2937,0.476099999999974,0.476099999999974,2.578300000000013,92,32
TIMSS,2015,CQU,science,529.7164,4.3749,527.7066,527.7066,519.9151,2.009800000000041,2.009800000000041,9.80129999999997,92,32
TIMSS,2015,HKG,science,545.7604,3.9228,499.4784,499.4784,,46.28199999999998,46.28199999999998,,92,32
TIMSS,2015,HUN,science,527.2598,3.3789,522.5643,522.5643,522.3938,4.695500000000038,4.695500000000038,4.8659999999999854,92,32
TIMSS,2015,IRL,science,530.0969,2.8236,494.0797,494.0797,,36.0172,36.0172,,92,32
TIMSS,2015,IRN,science,456.4247,4.0095,472.9422,472.9422,474.3855,-16.51750000000004,-16.51750000000004,-17.960800000000006,92,32
TIMSS,2015,ISR,science,506.7307,3.9045,516.3965,516.3965,515.6962,-9.665799999999933,-9.665799999999933,-8.965499999999963,92,32
TIMSS,2015,ITA,science,498.9258,2.4183,510.3232,510.3232,501.1109,-11.397400000000005,-11.397400000000005,-2.185100000000034,92,32
TIMSS,2015,JOR,science,426.1643,3.3663,459.4215,459.4215,449.0001,-33.257199999999955,-33.257199999999955,-22.83579999999995,92,32
TIMSS,2015,JPN,science,570.8995,1.7951,548.4879,548.4879,557.7287,22.41160000000002,22.41160000000002,13.170799999999986,92,32
TIMSS,2015,KAZ,science,532.5861,4.4452,499.9339,499.9339,489.9106,32.65219999999999,32.65219999999999,42.6755,92,32
TIMSS,2015,KWT,science,410.7408,5.1587,471.4033,471.4033,,-60.66250000000002,-60.66250000000002,,92,32
TIMSS,2015,LTU,science,519.1053,2.7769,494.3093,494.3093,,24.79600000000005,24.79600000000005,,92,32
TIMSS,2015,MAR,science,393.2525,2.5204,394.194,394.194,375.8871,-0.9415000000000191,-0.9415000000000191,17.365400000000022,92,32
TIMSS,2015,MLT,science,481.3606,1.6157,487.0913,487.0913,,-5.730700000000013,-5.730700000000013,,92,32
TIMSS,2015,MYS,science,470.8221,4.1314,457.8947,457.8947,426.4937,12.927399999999977,12.927399999999977,44.32839999999999,92,32
TIMSS,2015,OMN,science,454.5604,2.6529,475.9634,475.9634,,-21.402999999999963,-21.402999999999963,,92,32
TIMSS,2015,QAT,science,456.5158,3.0405,436.7784,436.7784,418.6641,19.737400000000036,19.737400000000036,37.851699999999994,92,32
TIMSS,2015,RUS,science,544.1158,4.2103,497.603,497.603,,46.51280000000003,46.51280000000003,,92,32
TIMSS,2015,SAU,science,396.4198,4.479,443.2056,443.2056,436.3522,-46.785799999999995,-46.785799999999995,-39.93239999999997,92,32
TIMSS,2015,SGP,science,596.6444,3.1807,503.3504,503.3504,,93.29400000000004,93.29400000000004,,92,32
TIMSS,2015,SVN,science,551.1115,2.4004,493.6288,493.6288,,57.482699999999966,57.482699999999966,,92,32
TIMSS,2015,THA,science,455.8449,4.2388,463.6849,463.6849,450.8923,-7.840000000000032,-7.840000000000032,4.952600000000018,92,32
TIMSS,2015,TUR,science,493.3961,4.0184,486.1071,486.1071,482.9884,7.288999999999987,7.288999999999987,10.407699999999977,92,32
TIMSS,2015,ZAF,science,357.7418,5.6351,393.894,393.894,331.574,-36.15219999999999,-36.15219999999999,26.1678,92,32
TIMSS,2019,AAD,science,419.5156,3.6148,461.3465,461.3465,454.2489,-41.830899999999986,-41.830899999999986,-34.733299999999986,124,34
TIMSS,2019,ADU,science,546.2008,1.9703,519.9084,519.9084,524.7226,26.29239999999993,26.29239999999993,21.4781999999999,124,34
TIMSS,2019,ARE,science,480.3441,5.0306,489.3803,489.3803,476.6461,-9.036199999999951,-9.036199999999951,3.698000000000036,124,34
TIMSS,2019,AUS,science,528.337,3.1876,509.7212,509.7212,511.9865,18.61579999999998,18.61579999999998,16.35050000000001,124,34
TIMSS,2019,BHR,science,486.0362,1.9181,476.2085,476.2085,465.8525,9.827699999999993,9.827699999999993,20.183699999999988,124,34
TIMSS,2019,CHL,science,462.7852,2.8127,466.2205,466.2205,453.9692,-3.4353000000000407,-3.4353000000000407,8.815999999999974,124,34
TIMSS,2019,COT,science,522.8972,2.9469,529.8823,529.8823,523.872,-6.9850999999999885,-6.9850999999999885,-0.9747999999999593,124,34
TIMSS,2019,CQU,science,538.0454,3.5962,539.8514,539.8514,529.7164,-1.80600000000004,-1.80600000000004,8.32899999999995,124,34
TIMSS,2019,FIN,science,543.0428,3.0037,495.9683,495.9683,,47.07450000000006,47.07450000000006,,124,34
TIMSS,2019,FRA,science,489.6883,2.6377,482.754,482.754,,6.9343000000000075,6.9343000000000075,,124,34
TIMSS,2019,GEO,science,440.6152,4.4047,489.4753,489.4753,,-48.86009999999999,-48.86009999999999,,124,34
TIMSS,2019,HKG,science,503.5145,5.2097,558.8494,558.8494,545.7604,-55.33489999999995,-55.33489999999995,-42.245900000000006,124,34
TIMSS,2019,HUN,science,527.7099,2.7388,529.5549,529.5549,527.2598,-1.8450000000000273,-1.8450000000000273,0.4500999999999067,124,34
TIMSS,2019,IRN,science,449.4148,3.5656,462.7816,462.7816,456.4247,-13.366800000000012,-13.366800000000012,-7.009899999999959,124,34
TIMSS,2019,ISR,science,505.19,4.1502,506.0715,506.0715,506.7307,-0.8815000000000168,-0.8815000000000168,-1.5407000000000153,124,34
TIMSS,2019,ITA,science,495.372,2.4112,504.3975,504.3975,498.9258,-9.025499999999965,-9.025499999999965,-3.553799999999967,124,34
TIMSS,2019,JOR,science,452.0096,4.668,452.9012,452.9012,426.1643,-0.8916000000000395,-0.8916000000000395,25.845299999999952,124,34
TIMSS,2019,KAZ,science,478.0713,3.0637,539.9927,539.9927,532.5861,-61.921400000000006,-61.921400000000006,-54.51479999999998,124,34
TIMSS,2019,KOR,science,560.3149,2.0492,503.2972,503.2972,,57.01769999999999,57.01769999999999,,124,34
TIMSS,2019,LTU,science,528.0128,2.7172,523.8813,523.8813,519.1053,4.13149999999996,4.13149999999996,8.907499999999914,124,34
TIMSS,2019,MAR,science,394.1003,2.6566,412.3935,412.3935,393.2525,-18.293200000000013,-18.293200000000013,0.8478000000000065,124,34
TIMSS,2019,MYS,science,460.6795,3.4677,485.8783,485.8783,470.8221,-25.198800000000006,-25.198800000000006,-10.142599999999959,124,34
TIMSS,2019,NOR,science,497.5008,2.5879,492.0501,492.0501,,5.45070000000004,5.45070000000004,,124,34
TIMSS,2019,NZL,science,498.8757,3.4888,488.4024,488.4024,,10.473299999999995,10.473299999999995,,124,34
TIMSS,2019,PRT,science,518.1378,2.8414,494.0635,494.0635,,24.074299999999994,24.074299999999994,,124,34
TIMSS,2019,QAT,science,484.8407,3.424,471.2369,471.2369,456.5158,13.603800000000035,13.603800000000035,28.324900000000014,124,34
TIMSS,2019,RUS,science,542.9377,3.8378,527.0232,527.0232,544.1158,15.914499999999975,15.914499999999975,-1.1781000000000859,124,34
TIMSS,2019,SAU,science,431.4727,2.604,430.5005,430.5005,396.4198,0.9721999999999866,0.9721999999999866,35.052899999999966,124,34
TIMSS,2019,SGP,science,608.8899,3.6206,569.621,569.621,596.6444,39.26890000000003,39.26890000000003,12.245499999999993,124,34
TIMSS,2019,SWE,science,521.6837,3.0205,491.1883,491.1883,,30.495400000000018,30.495400000000018,,124,34
TIMSS,2019,TUR,science,516.0107,3.991,494.4281,494.4281,493.3961,21.58260000000007,21.58260000000007,22.614600000000053,124,34
TIMSS,2019,TWN,science,577.1273,1.8168,508.1624,508.1624,,68.9649,68.9649,,124,34
TIMSS,2019,USA,science,525.1909,4.4537,498.6208,498.6208,,26.57010000000008,26.57010000000008,,124,34
TIMSS,2019,ZAF,science,369.9721,3.099,403.5944,403.5944,357.7418,-33.622299999999996,-33.622299999999996,12.2303,124,34
TIMSS,2023,AAD,science,443.4712,3.7559,443.4317,443.4317,419.5156,0.03950000000003229,0.03950000000003229,23.955600000000004,158,31
TIMSS,2023,AUS,science,520.1512,3.1624,531.4506,531.4506,528.337,-11.299399999999991,-11.299399999999991,-8.185799999999972,158,31
TIMSS,2023,AZE,science,411.3594,2.9818,500.2479,500.2479,,-88.88850000000002,-88.88850000000002,,158,31
TIMSS,2023,BHR,science,451.8284,2.6433,496.8938,496.8938,486.0362,-45.06540000000001,-45.06540000000001,-34.20780000000002,158,31
TIMSS,2023,CHL,science,455.21,2.6707,467.8092,467.8092,462.7852,-12.599199999999996,-12.599199999999996,-7.575199999999995,158,31
TIMSS,2023,CYP,science,464.2534,2.9796,507.744,507.744,483.5546,-43.49060000000003,-43.49060000000003,-19.301199999999994,158,31
TIMSS,2023,CZE,science,527.1529,2.0271,499.0372,499.0372,,28.11570000000006,28.11570000000006,,158,31
TIMSS,2023,ENG,science,531.3535,4.3371,538.2582,538.2582,523.4179,-6.904699999999934,-6.904699999999934,7.935600000000022,158,31
TIMSS,2023,FIN,science,530.6375,3.1588,542.4414,542.4414,543.0428,-11.803899999999999,-11.803899999999999,-12.405300000000011,158,31
TIMSS,2023,FRA,science,486.1952,3.1686,498.4077,498.4077,489.6883,-12.212499999999977,-12.212499999999977,-3.4931000000000267,158,31
TIMSS,2023,GEO,science,447.7856,2.9192,468.5876,468.5876,440.6152,-20.80200000000002,-20.80200000000002,7.170399999999972,158,31
TIMSS,2023,HKG,science,527.698,4.7263,545.2462,545.2462,503.5145,-17.548200000000065,-17.548200000000065,24.18349999999998,158,31
TIMSS,2023,HUN,science,521.6376,3.2764,533.7346,533.7346,527.7099,-12.09699999999998,-12.09699999999998,-6.072299999999927,158,31
TIMSS,2023,IRL,science,524.9589,3.5359,503.942,503.942,,21.016899999999964,21.016899999999964,,158,31
TIMSS,2023,IRN,science,419.0028,3.5543,462.1228,462.1228,449.4148,-43.120000000000005,-43.120000000000005,-30.412000000000035,158,31
TIMSS,2023,ITA,science,500.651,3.1985,510.0745,510.0745,495.372,-9.42349999999999,-9.42349999999999,5.278999999999996,158,31
TIMSS,2023,KAZ,science,442.6806,3.0023,498.7177,498.7177,478.0713,-56.03709999999995,-56.03709999999995,-35.39069999999998,158,31
TIMSS,2023,KOR,science,545.3962,2.2499,578.8306,578.8306,560.3149,-33.43439999999998,-33.43439999999998,-14.918699999999944,158,31
TIMSS,2023,KWT,science,419.6972,5.7882,469.3695,469.3695,,-49.67230000000001,-49.67230000000001,,158,31
TIMSS,2023,LTU,science,519.2904,2.9962,537.2162,537.2162,528.0128,-17.92579999999998,-17.92579999999998,-8.722399999999993,158,31
TIMSS,2023,MAR,science,326.9602,3.3882,410.5653,410.5653,394.1003,-83.6051,-83.6051,-67.14010000000002,158,31
TIMSS,2023,MYS,science,426.3985,3.7049,479.4262,479.4262,460.6795,-53.02769999999998,-53.02769999999998,-34.281000000000006,158,31
TIMSS,2023,NOR,science,488.3825,2.6221,517.8808,517.8808,497.5008,-29.49830000000003,-29.49830000000003,-9.118300000000033,158,31
TIMSS,2023,NZL,science,501.9258,3.9864,503.9335,503.9335,498.8757,-2.0077,-2.0077,3.0500999999999863,158,31
TIMSS,2023,OMN,science,455.7478,2.6095,479.1695,479.1695,,-23.421700000000044,-23.421700000000044,,158,31
TIMSS,2023,PRT,science,505.5807,2.3765,528.0525,528.0525,518.1378,-22.47180000000003,-22.47180000000003,-12.557099999999991,158,31
TIMSS,2023,SGP,science,606.1538,5.6833,616.5061,616.5061,608.8899,-10.3522999999999,-10.3522999999999,-2.736099999999965,158,31
TIMSS,2023,SWE,science,521.3098,2.9384,527.0913,527.0913,521.6837,-5.781500000000051,-5.781500000000051,-0.37390000000004875,158,31
TIMSS,2023,TUR,science,529.5164,3.5699,522.7746,522.7746,516.0107,6.741800000000012,6.741800000000012,13.505699999999933,158,31
TIMSS,2023,TWN,science,571.8284,2.3976,591.1454,591.1454,577.1273,-19.317000000000007,-19.317000000000007,-5.298900000000003,158,31
TIMSS,2023,USA,science,513.3955,3.8658,533.9438,533.9438,525.1909,-20.54830000000004,-20.54830000000004,-11.795400000000086,158,31
TIMSS_G4,2003,AUS,mathematics,498.6633,3.8727,,,485.9045,,,12.758800000000008,0,13
TIMSS_G4,2003,BFL,mathematics,550.6008,1.7946,,,,,,,0,13
TIMSS_G4,2003,ENG,mathematics,531.1823,3.7051,,,453.0551,,,78.12720000000007,0,13
TIMSS_G4,2003,HKG,mathematics,574.7823,3.121,,,530.2315,,,44.55079999999998,0,13
TIMSS_G4,2003,ITA,mathematics,502.7621,3.6533,,,,,,,0,13
TIMSS_G4,2003,JPN,mathematics,564.5561,1.5661,,,540.5077,,,24.048400000000015,0,13
TIMSS_G4,2003,NLD,mathematics,540.3734,2.1677,,,509.5365,,,30.836899999999957,0,13
TIMSS_G4,2003,NOR,mathematics,451.3425,2.1918,,,432.1461,,,19.196399999999983,0,13
TIMSS_G4,2003,NZL,mathematics,493.4637,2.1501,,,437.2578,,,56.20590000000004,0,13
TIMSS_G4,2003,RUS,mathematics,531.6823,4.7559,,,,,,,0,13
TIMSS_G4,2003,SCO,mathematics,490.3209,3.1027,,,459.804,,,30.51690000000002,0,13
TIMSS_G4,2003,SVN,mathematics,478.795,2.5255,,,493.626,,,-14.83099999999996,0,13
TIMSS_G4,2003,USA,mathematics,518.2842,2.4017,,,485.1006,,,33.18360000000007,0,13
TIMSS_G4,2007,ARM,mathematics,499.5128,4.2645,482.562,482.562,455.9249,16.950800000000015,16.950800000000015,43.58790000000005,13,19
TIMSS_G4,2007,AUS,mathematics,516.0625,3.4526,529.5166,529.5166,498.6633,-13.45410000000004,-13.45410000000004,17.399200000000008,13,19
TIMSS_G4,2007,AUT,mathematics,505.3886,1.949,517.4468,517.4468,,-12.058200000000056,-12.058200000000056,,13,19
TIMSS_G4,2007,COT,mathematics,511.6142,2.9617,544.8717,544.8717,511.1842,-33.25750000000005,-33.25750000000005,0.4300000000000068,13,19
TIMSS_G4,2007,CQU,mathematics,519.1031,3.0137,536.3337,536.3337,505.8475,-17.23059999999998,-17.23059999999998,13.255600000000015,13,19
TIMSS_G4,2007,CZE,mathematics,486.3994,2.735,517.4468,517.4468,,-31.04740000000004,-31.04740000000004,,13,19
TIMSS_G4,2007,DNK,mathematics,523.1058,2.4558,517.4468,517.4468,,5.658999999999992,5.658999999999992,,13,19
TIMSS_G4,2007,HUN,mathematics,509.7197,3.5059,550.5281,550.5281,528.5023,-40.808400000000006,-40.808400000000006,-18.782600000000002,13,19
TIMSS_G4,2007,ITA,mathematics,506.7498,3.0929,523.9705,523.9705,502.7621,-17.220700000000022,-17.220700000000022,3.987700000000018,13,19
TIMSS_G4,2007,LTU,mathematics,529.7988,2.3855,518.1836,518.1836,,11.615200000000073,11.615200000000073,,13,19
TIMSS_G4,2007,LVA,mathematics,537.2002,2.3245,518.7696,518.7696,,18.430600000000027,18.430600000000027,,13,19
TIMSS_G4,2007,NLD,mathematics,534.9518,2.112,553.9731,553.9731,540.3734,-19.021299999999997,-19.021299999999997,-5.4215999999998985,13,19
TIMSS_G4,2007,NOR,mathematics,473.2164,2.5868,498.6668,498.6668,451.3425,-25.450400000000002,-25.450400000000002,21.87390000000005,13,19
TIMSS_G4,2007,NZL,mathematics,492.4753,2.3758,527.4675,527.4675,493.4637,-34.99219999999997,-34.99219999999997,-0.9884000000000128,13,19
TIMSS_G4,2007,SVK,mathematics,495.9748,4.496,519.0998,519.0998,,-23.124999999999943,-23.124999999999943,,13,19
TIMSS_G4,2007,SVN,mathematics,501.8426,1.8079,513.7167,513.7167,478.795,-11.874099999999942,-11.874099999999942,23.04759999999999,13,19
TIMSS_G4,2007,SWE,mathematics,502.574,2.5661,518.1812,518.1812,,-15.607199999999978,-15.607199999999978,,13,19
TIMSS_G4,2007,TUN,mathematics,327.4354,4.4988,390.8162,390.8162,339.3,-63.380799999999965,-63.380799999999965,-11.864599999999996,13,19
TIMSS_G4,2007,TWN,mathematics,575.8192,1.7635,560.0808,560.0808,563.9486,15.73840000000007,15.73840000000007,11.870599999999968,13,19
TIMSS_G4,2011,ADU,mathematics,467.8804,1.6934,475.8004,475.8004,444.3338,-7.920000000000016,-7.920000000000016,23.546600000000012,32,29
TIMSS_G4,2011,ARM,mathematics,452.2821,3.5744,514.544,514.544,499.5128,-62.26189999999997,-62.26189999999997,-47.23070000000001,32,29
TIMSS_G4,2011,AUS,mathematics,515.9317,2.959,533.8333,533.8333,516.0625,-17.90160000000003,-17.90160000000003,-0.130800000000022,32,29
TIMSS_G4,2011,AUT,mathematics,508.3109,2.598,526.9885,526.9885,505.3886,-18.67760000000004,-18.67760000000004,2.922300000000007,32,29
TIMSS_G4,2011,BHR,mathematics,436.0368,3.2463,487.3433,487.3433,,-51.30649999999997,-51.30649999999997,,32,29
TIMSS_G4,2011,CAB,mathematics,506.5501,2.4702,530.6022,530.6022,505.3204,-24.052100000000053,-24.052100000000053,1.2296999999999798,32,29
TIMSS_G4,2011,COT,mathematics,517.8829,3.0418,533.1011,533.1011,511.6142,-15.218200000000024,-15.218200000000024,6.268699999999967,32,29
TIMSS_G4,2011,CQU,mathematics,532.7976,2.4665,541.1739,541.1739,519.1031,-8.376300000000015,-8.376300000000015,13.694499999999948,32,29
TIMSS_G4,2011,HKG,mathematics,601.6088,3.3788,523.9048,523.9048,,77.70399999999995,77.70399999999995,,32,29
TIMSS_G4,2011,HUN,mathematics,515.3955,3.3946,529.0181,529.0181,509.7197,-13.622600000000034,-13.622600000000034,5.675799999999981,32,29
TIMSS_G4,2011,ITA,mathematics,507.821,2.6495,526.0731,526.0731,506.7498,-18.252099999999928,-18.252099999999928,1.071200000000033,32,29
TIMSS_G4,2011,KAZ,mathematics,501.0016,4.5331,555.1596,555.1596,549.3478,-54.15799999999996,-54.15799999999996,-48.34620000000001,32,29
TIMSS_G4,2011,KWT,mathematics,341.7575,3.5555,350.7705,350.7705,315.5353,-9.013000000000034,-9.013000000000034,26.222199999999987,32,29
TIMSS_G4,2011,LTU,mathematics,533.6899,2.4219,537.8337,537.8337,529.7988,-4.143800000000056,-4.143800000000056,3.8910999999999376,32,29
TIMSS_G4,2011,MAR,mathematics,334.5938,3.9573,497.1344,497.1344,,-162.54060000000004,-162.54060000000004,,32,29
TIMSS_G4,2011,MLT,mathematics,495.766,1.37,515.753,515.753,,-19.987000000000023,-19.987000000000023,,32,29
TIMSS_G4,2011,NLD,mathematics,540.0542,1.6301,544.362,544.362,534.9518,-4.307799999999929,-4.307799999999929,5.102399999999989,32,29
TIMSS_G4,2011,OMN,mathematics,384.8565,2.8775,490.0367,490.0367,,-105.18020000000001,-105.18020000000001,,32,29
TIMSS_G4,2011,QAT,mathematics,412.9159,3.4474,336.2662,336.2662,296.2682,76.6497,76.6497,116.64770000000004,32,29
TIMSS_G4,2011,ROM,mathematics,482.2807,5.7733,506.9943,506.9943,,-24.713599999999985,-24.713599999999985,,32,29
TIMSS_G4,2011,RUS,mathematics,542.0973,3.6994,506.3763,506.3763,,35.721000000000004,35.721000000000004,,32,29
TIMSS_G4,2011,SAU,mathematics,410.2095,5.2088,481.8494,481.8494,,-71.63990000000001,-71.63990000000001,,32,29
TIMSS_G4,2011,SGP,mathematics,605.786,3.2268,521.4435,521.4435,,84.34249999999997,84.34249999999997,,32,29
TIMSS_G4,2011,SVK,mathematics,506.7691,3.7471,521.3021,521.3021,495.9748,-14.533000000000015,-14.533000000000015,10.794299999999964,32,29
TIMSS_G4,2011,SVN,mathematics,513.0257,2.1303,523.2824,523.2824,501.8426,-10.256700000000023,-10.256700000000023,11.183100000000024,32,29
TIMSS_G4,2011,SWE,mathematics,503.9378,2.0873,521.1873,521.1873,502.574,-17.24950000000007,-17.24950000000007,1.3637999999999693,32,29
TIMSS_G4,2011,THA,mathematics,457.9759,4.7398,499.2295,499.2295,,-41.25359999999995,-41.25359999999995,,32,29
TIMSS_G4,2011,TUN,mathematics,359.3446,3.8585,364.9119,364.9119,327.4354,-5.567299999999989,-5.567299999999989,31.9092,32,29
TIMSS_G4,2011,TWN,mathematics,591.2061,1.9802,592.1735,592.1735,575.8192,-0.9673999999999978,-0.9673999999999978,15.386899999999969,32,29
TIMSS_G4,2015,AAD,mathematics,419.2901,4.6894,483.3051,483.3051,,-64.01499999999999,-64.01499999999999,,61,37
TIMSS_G4,2015,BHR,mathematics,451.0328,1.6363,461.0346,461.0346,436.0368,-10.001800000000003,-10.001800000000003,14.995999999999981,61,37
TIMSS_G4,2015,CAN,mathematics,510.5564,2.3421,497.6315,497.6315,,12.92489999999998,12.92489999999998,,61,37
TIMSS_G4,2015,COT,mathematics,512.4599,2.3354,518.8286,518.8286,517.8829,-6.3687000000001035,-6.3687000000001035,-5.423000000000002,61,37
TIMSS_G4,2015,CQU,mathematics,535.8314,3.9775,523.6071,523.6071,532.7976,12.224300000000085,12.224300000000085,3.033800000000042,61,37
TIMSS_G4,2015,DEU,mathematics,521.634,2.0368,497.6315,497.6315,,24.002499999999998,24.002499999999998,,61,37
TIMSS_G4,2015,DNK,mathematics,538.6533,2.7298,497.6315,497.6315,,41.02179999999993,41.02179999999993,,61,37
TIMSS_G4,2015,FIN,mathematics,535.288,2.0214,515.3578,515.3578,545.4379,19.930200000000013,19.930200000000013,-10.149900000000002,61,37
TIMSS_G4,2015,GEO,mathematics,463.1491,3.6209,470.4254,470.4254,,-7.276300000000049,-7.276300000000049,,61,37
TIMSS_G4,2015,HKG,mathematics,614.5197,2.8671,519.1215,519.1215,601.6088,95.39819999999997,95.39819999999997,12.91089999999997,61,37
TIMSS_G4,2015,HRV,mathematics,502.3352,1.7526,497.6315,497.6315,,4.703699999999969,4.703699999999969,,61,37
TIMSS_G4,2015,HUN,mathematics,529.1908,3.1508,518.0468,518.0468,515.3955,11.144000000000005,11.144000000000005,13.795299999999997,61,37
TIMSS_G4,2015,IDN,mathematics,397.4628,3.7117,457.5302,457.5302,,-60.067399999999964,-60.067399999999964,,61,37
TIMSS_G4,2015,IRL,mathematics,547.3368,2.1426,506.4826,506.4826,527.3953,40.85420000000005,40.85420000000005,19.94150000000002,61,37
TIMSS_G4,2015,IRN,mathematics,431.4881,3.2416,478.8676,478.8676,,-47.37950000000001,-47.37950000000001,,61,37
TIMSS_G4,2015,ITA,mathematics,506.8483,2.552,509.7028,509.7028,507.821,-2.85450000000003,-2.85450000000003,-0.9727000000000317,61,37
TIMSS_G4,2015,JPN,mathematics,592.826,1.9503,530.4816,530.4816,,62.344400000000064,62.344400000000064,,61,37
TIMSS_G4,2015,KAZ,mathematics,544.42,4.499,500.3985,500.3985,501.0016,44.021499999999946,44.021499999999946,43.41839999999996,61,37
TIMSS_G4,2015,KOR,mathematics,608.0351,2.213,540.2692,540.2692,,67.7659000000001,67.7659000000001,,61,37
TIMSS_G4,2015,KWT,mathematics,353.0642,4.6298,460.6273,460.6273,341.7575,-107.56309999999996,-107.56309999999996,11.306700000000035,61,37
TIMSS_G4,2015,LTU,mathematics,535.3409,2.4709,507.2,507.2,533.6899,28.140900000000045,28.140900000000045,1.6510000000000673,61,37
TIMSS_G4,2015,MAR,mathematics,379.4736,3.8445,400.0721,400.0721,334.5938,-20.5985,-20.5985,44.87979999999999,61,37
TIMSS_G4,2015,NIR,mathematics,570.261,2.9443,497.6315,497.6315,,72.62949999999995,72.62949999999995,,61,37
TIMSS_G4,2015,NLD,mathematics,529.8187,1.7057,510.0289,510.0289,540.0542,19.789800000000014,19.789800000000014,-10.235500000000002,61,37
TIMSS_G4,2015,NOR,mathematics,549.0799,2.4761,496.1013,496.1013,,52.97859999999997,52.97859999999997,,61,37
TIMSS_G4,2015,NZL,mathematics,490.5609,2.342,502.7997,502.7997,,-12.23879999999997,-12.23879999999997,,61,37
TIMSS_G4,2015,OMN,mathematics,425.4828,2.4953,470.1793,470.1793,384.8565,-44.696500000000015,-44.696500000000015,40.626300000000015,61,37
TIMSS_G4,2015,PRT,mathematics,541.2002,2.2337,497.6315,497.6315,,43.56869999999998,43.56869999999998,,61,37
TIMSS_G4,2015,QAT,mathematics,438.9958,3.4304,444.0043,444.0043,412.9159,-5.008500000000026,-5.008500000000026,26.079899999999952,61,37
TIMSS_G4,2015,SRB,mathematics,517.9984,3.5363,504.8084,504.8084,515.9359,13.18999999999994,13.18999999999994,2.0625,61,37
TIMSS_G4,2015,SVK,mathematics,498.2473,2.4767,505.428,505.428,506.7691,-7.180700000000002,-7.180700000000002,-8.521799999999985,61,37
TIMSS_G4,2015,SVN,mathematics,519.8749,1.8871,504.9582,504.9582,513.0257,14.916700000000048,14.916700000000048,6.849199999999996,61,37
TIMSS_G4,2015,SWE,mathematics,518.6467,2.8105,505.2264,505.2264,503.9378,13.420299999999997,13.420299999999997,14.708900000000028,61,37
TIMSS_G4,2015,TUR,mathematics,483.1501,3.0612,488.8357,488.8357,,-5.685599999999965,-5.685599999999965,,61,37
TIMSS_G4,2015,TWN,mathematics,596.619,1.8657,562.2992,562.2992,591.2061,34.31979999999999,34.31979999999999,5.412900000000036,61,37
TIMSS_G4,2015,USA,mathematics,539.1556,2.2569,524.1931,524.1931,540.6493,14.962500000000091,14.962500000000091,-1.4936999999999898,61,37
TIMSS_G4,2015,ZAF,mathematics,375.7376,3.4999,434.0042,434.0042,,-58.26660000000004,-58.26660000000004,,61,37
TIMSS_G4,2019,AAD,mathematics,440.1146,2.2424,453.5387,453.5387,419.2901,-13.42410000000001,-13.42410000000001,20.8245,98,51
TIMSS_G4,2019,ADU,mathematics,543.4064,1.5913,515.9476,515.9476,,27.458799999999997,27.458799999999997,,98,51
TIMSS_G4,2019,ALB,mathematics,494.0175,3.377,452.5289,452.5289,,41.48859999999996,41.48859999999996,,98,51
TIMSS_G4,2019,ARE,mathematics,488.7269,4.1848,461.8039,461.8039,,26.923000000000002,26.923000000000002,,98,51
TIMSS_G4,2019,ARM,mathematics,498.1854,2.5376,500.6191,500.6191,,-2.4336999999999875,-2.4336999999999875,,98,51
TIMSS_G4,2019,AUS,mathematics,515.8801,2.776,516.8232,516.8232,,-0.9431000000000722,-0.9431000000000722,,98,51
TIMSS_G4,2019,AUT,mathematics,537.3422,1.648,497.7696,497.7696,,39.57260000000002,39.57260000000002,,98,51
TIMSS_G4,2019,CAN,mathematics,511.5895,1.7202,552.689,552.689,510.5564,-41.09949999999998,-41.09949999999998,1.0330999999999904,98,51
TIMSS_G4,2019,CHL,mathematics,441.4517,2.7182,437.2462,437.2462,458.5823,4.205500000000029,4.205500000000029,-17.13059999999996,98,51
TIMSS_G4,2019,COT,mathematics,511.8805,3.2657,532.8435,532.8435,512.4599,-20.962999999999965,-20.962999999999965,-0.5793999999999642,98,51
TIMSS_G4,2019,CQU,mathematics,531.7841,2.2312,558.6628,558.6628,535.8314,-26.87869999999998,-26.87869999999998,-4.047300000000064,98,51
TIMSS_G4,2019,CZE,mathematics,528.4997,2.9488,513.4856,513.4856,528.138,15.014099999999985,15.014099999999985,0.36169999999992797,98,51
TIMSS_G4,2019,DEU,mathematics,519.271,4.2115,522.262,522.262,521.634,-2.9909999999999854,-2.9909999999999854,-2.3630000000000564,98,51
TIMSS_G4,2019,DNK,mathematics,526.2179,1.7189,527.454,527.454,538.6533,-1.236099999999965,-1.236099999999965,-12.435399999999959,98,51
TIMSS_G4,2019,ESP,mathematics,502.4739,2.6363,508.9759,508.9759,505.0949,-6.5020000000000095,-6.5020000000000095,-2.620999999999981,98,51
TIMSS_G4,2019,FIN,mathematics,532.3972,2.0619,530.1189,530.1189,535.288,2.2782999999999447,2.2782999999999447,-2.890800000000013,98,51
TIMSS_G4,2019,FRA,mathematics,482.7399,2.5308,506.6961,506.6961,,-23.956200000000024,-23.956200000000024,,98,51
TIMSS_G4,2019,GEO,mathematics,489.6988,3.7241,446.6214,446.6214,463.1491,43.07740000000001,43.07740000000001,26.54970000000003,98,51
TIMSS_G4,2019,HKG,mathematics,603.2682,3.3324,653.8688,653.8688,614.5197,-50.600599999999986,-50.600599999999986,-11.251499999999965,98,51
TIMSS_G4,2019,HRV,mathematics,511.0552,3.4111,503.2712,503.2712,502.3352,7.783999999999992,7.783999999999992,8.720000000000027,98,51
TIMSS_G4,2019,HUN,mathematics,525.8749,2.7526,522.1803,522.1803,529.1908,3.6946000000000367,3.6946000000000367,-3.3158999999999423,98,51
TIMSS_G4,2019,IRL,mathematics,548.4654,2.4843,567.4531,567.4531,547.3368,-18.987699999999904,-18.987699999999904,1.1286000000000058,98,51
TIMSS_G4,2019,IRN,mathematics,443.035,3.856,453.1796,453.1796,431.4881,-10.144599999999969,-10.144599999999969,11.54690000000005,98,51
TIMSS_G4,2019,ITA,mathematics,514.708,2.3777,517.6705,517.6705,506.8483,-2.9624999999999773,-2.9624999999999773,7.859699999999975,98,51
TIMSS_G4,2019,KAZ,mathematics,512.0887,2.5001,547.0697,547.0697,544.42,-34.980999999999995,-34.980999999999995,-32.33129999999994,98,51
TIMSS_G4,2019,KOR,mathematics,599.1942,2.1858,561.7519,561.7519,608.0351,37.442300000000046,37.442300000000046,-8.840900000000033,98,51
TIMSS_G4,2019,KWT,mathematics,383.3179,4.7417,401.9536,401.9536,353.0642,-18.635699999999986,-18.635699999999986,30.25369999999998,98,51
TIMSS_G4,2019,LTU,mathematics,542.1313,2.7658,528.183,528.183,535.3409,13.948300000000017,13.948300000000017,6.790399999999977,98,51
TIMSS_G4,2019,LVA,mathematics,546.1333,2.587,498.2788,498.2788,,47.85449999999997,47.85449999999997,,98,51
TIMSS_G4,2019,MAR,mathematics,383.388,4.2978,410.2351,410.2351,379.4736,-26.84710000000001,-26.84710000000001,3.9144000000000005,98,51
TIMSS_G4,2019,MKD,mathematics,471.7201,5.2972,424.7677,424.7677,,46.95240000000001,46.95240000000001,,98,51
TIMSS_G4,2019,MLT,mathematics,509.2751,1.3891,493.6862,493.6862,,15.588900000000024,15.588900000000024,,98,51
TIMSS_G4,2019,MNE,mathematics,452.78,1.9532,475.4281,475.4281,,-22.6481,-22.6481,,98,51
TIMSS_G4,2019,NIR,mathematics,565.7995,2.7477,532.2171,532.2171,570.261,33.58240000000001,33.58240000000001,-4.461500000000001,98,51
TIMSS_G4,2019,NLD,mathematics,535.1827,1.8093,523.8869,523.8869,529.8187,11.295799999999986,11.295799999999986,5.363999999999919,98,51
TIMSS_G4,2019,NOR,mathematics,542.2656,2.0628,539.4842,539.4842,549.0799,2.7813999999999623,2.7813999999999623,-6.814300000000003,98,51
TIMSS_G4,2019,NZL,mathematics,487.1918,2.6063,506.3556,506.3556,490.5609,-19.16379999999998,-19.16379999999998,-3.369100000000003,98,51
TIMSS_G4,2019,OMN,mathematics,430.8736,3.7303,423.0834,423.0834,425.4828,7.790200000000027,7.790200000000027,5.390800000000013,98,51
TIMSS_G4,2019,POL,mathematics,520.1396,2.6771,511.081,511.081,,9.058599999999956,9.058599999999956,,98,51
TIMSS_G4,2019,PRT,mathematics,530.3065,2.4121,523.9701,523.9701,541.2002,6.336400000000026,6.336400000000026,-10.893699999999967,98,51
TIMSS_G4,2019,QAT,mathematics,449.2973,3.7203,408.0092,408.0092,438.9958,41.288099999999986,41.288099999999986,10.301500000000033,98,51
TIMSS_G4,2019,RUS,mathematics,566.947,3.3396,539.8397,539.8397,,27.10730000000001,27.10730000000001,,98,51
TIMSS_G4,2019,SAU,mathematics,398.0931,3.5524,432.4122,432.4122,,-34.31909999999999,-34.31909999999999,,98,51
TIMSS_G4,2019,SGP,mathematics,628.3895,3.4498,608.6779,608.6779,,19.711599999999976,19.711599999999976,,98,51
TIMSS_G4,2019,SRB,mathematics,507.8811,3.1893,510.3863,510.3863,517.9984,-2.505200000000002,-2.505200000000002,-10.117299999999943,98,51
TIMSS_G4,2019,SVK,mathematics,508.7407,2.6451,488.063,488.063,498.2473,20.677700000000016,20.677700000000016,10.493400000000008,98,51
TIMSS_G4,2019,SWE,mathematics,518.844,3.0535,518.1773,518.1773,518.6467,0.6667000000001053,0.6667000000001053,0.1973000000000411,98,51
TIMSS_G4,2019,TUR,mathematics,522.1314,4.4458,449.2678,449.2678,483.1501,72.86359999999996,72.86359999999996,38.981299999999976,98,51
TIMSS_G4,2019,TWN,mathematics,598.6887,1.8543,541.1047,541.1047,596.619,57.58400000000006,57.58400000000006,2.0697000000000116,98,51
TIMSS_G4,2019,USA,mathematics,535.0088,2.5721,516.8791,516.8791,539.1556,18.129699999999957,18.129699999999957,-4.146800000000098,98,51
TIMSS_G4,2019,ZAF,mathematics,373.5645,3.5653,400.9329,400.9329,375.7376,-27.36840000000001,-27.36840000000001,-2.1730999999999767,98,51
TIMSS_G4,2023,AAD,mathematics,458.5853,1.9377,450.6372,450.6372,440.1146,7.948100000000011,7.948100000000011,18.470700000000022,149,42
TIMSS_G4,2023,ADU,mathematics,556.5811,1.5509,557.6988,557.6988,543.4064,-1.1177000000000135,-1.1177000000000135,13.17470000000003,149,42
TIMSS_G4,2023,ALB,mathematics,511.5825,4.922,502.355,502.355,494.0175,9.227499999999964,9.227499999999964,17.564999999999998,149,42
TIMSS_G4,2023,ARE,mathematics,498.0855,1.2389,498.0494,498.0494,488.7269,0.036100000000033106,0.036100000000033106,9.358600000000024,149,42
TIMSS_G4,2023,ARM,mathematics,512.6351,2.7716,504.1264,504.1264,498.1854,8.508699999999976,8.508699999999976,14.44969999999995,149,42
TIMSS_G4,2023,AUS,mathematics,524.9035,2.5936,534.4574,534.4574,515.8801,-9.553899999999999,-9.553899999999999,9.023400000000038,149,42
TIMSS_G4,2023,AZE,mathematics,494.0651,3.465,511.2755,511.2755,515.4546,-17.21040000000005,-17.21040000000005,-21.389500000000055,149,42
TIMSS_G4,2023,BFL,mathematics,520.7867,2.4257,517.921,517.921,532.4429,2.865699999999947,2.865699999999947,-11.656200000000013,149,42
TIMSS_G4,2023,CAN,mathematics,503.8073,2.0052,509.3885,509.3885,511.5895,-5.581200000000024,-5.581200000000024,-7.782199999999989,149,42
TIMSS_G4,2023,CHL,mathematics,443.5424,2.8045,458.3355,458.3355,441.4517,-14.793100000000038,-14.793100000000038,2.09069999999997,149,42
TIMSS_G4,2023,COT,mathematics,502.814,3.396,538.9688,538.9688,511.8805,-36.154799999999966,-36.154799999999966,-9.066499999999962,149,42
TIMSS_G4,2023,CQU,mathematics,514.6937,2.7079,555.4914,555.4914,531.7841,-40.79769999999996,-40.79769999999996,-17.09039999999993,149,42
TIMSS_G4,2023,CYP,mathematics,516.295,2.467,527.8528,527.8528,532.0938,-11.557800000000043,-11.557800000000043,-15.798800000000028,149,42
TIMSS_G4,2023,CZE,mathematics,530.4311,2.1676,516.2264,516.2264,528.4997,14.204700000000003,14.204700000000003,1.9314000000000533,149,42
TIMSS_G4,2023,DEU,mathematics,523.784,2.1492,512.4991,512.4991,519.271,11.284899999999993,11.284899999999993,4.513000000000034,149,42
TIMSS_G4,2023,ESP,mathematics,498.3176,2.1191,505.7086,505.7086,502.4739,-7.390999999999963,-7.390999999999963,-4.1562999999999874,149,42
TIMSS_G4,2023,FIN,mathematics,529.2559,2.5049,538.5969,538.5969,532.3972,-9.341000000000008,-9.341000000000008,-3.141300000000001,149,42
TIMSS_G4,2023,FRA,mathematics,484.0991,2.8954,499.5031,499.5031,482.7399,-15.403999999999996,-15.403999999999996,1.359200000000044,149,42
TIMSS_G4,2023,HKG,mathematics,594.3881,4.0305,598.0336,598.0336,603.2682,-3.64549999999997,-3.64549999999997,-8.88009999999997,149,42
TIMSS_G4,2023,IRL,mathematics,545.7704,2.9115,524.3359,524.3359,548.4654,21.434499999999957,21.434499999999957,-2.69500000000005,149,42
TIMSS_G4,2023,ITA,mathematics,513.087,2.7741,519.8719,519.8719,514.708,-6.784899999999993,-6.784899999999993,-1.620999999999981,149,42
TIMSS_G4,2023,JOR,mathematics,426.9648,5.314,467.9254,467.9254,,-40.9606,-40.9606,,149,42
TIMSS_G4,2023,KAZ,mathematics,487.1769,3.6026,512.3224,512.3224,512.0887,-25.145500000000027,-25.145500000000027,-24.911800000000028,149,42
TIMSS_G4,2023,KOR,mathematics,594.4118,2.6474,615.6067,615.6067,599.1942,-21.194900000000075,-21.194900000000075,-4.782400000000052,149,42
TIMSS_G4,2023,KWT,mathematics,381.9761,4.4091,457.7295,457.7295,383.3179,-75.7534,-75.7534,-1.3418000000000347,149,42
TIMSS_G4,2023,LTU,mathematics,560.6228,2.8976,544.0683,544.0683,542.1313,16.554499999999962,16.554499999999962,18.491499999999974,149,42
TIMSS_G4,2023,LVA,mathematics,534.3004,2.7999,523.3413,523.3413,546.1333,10.959099999999921,10.959099999999921,-11.832899999999995,149,42
TIMSS_G4,2023,MNE,mathematics,477.0728,2.0503,485.7311,485.7311,452.78,-8.658300000000054,-8.658300000000054,24.2928,149,42
TIMSS_G4,2023,NLD,mathematics,537.124,1.9813,518.9802,518.9802,535.1827,18.143800000000056,18.143800000000056,1.9413000000000693,149,42
TIMSS_G4,2023,NOR,mathematics,530.5566,2.0108,535.6535,535.6535,542.2656,-5.096900000000005,-5.096900000000005,-11.708999999999946,149,42
TIMSS_G4,2023,NZL,mathematics,490.2756,2.6338,501.5126,501.5126,487.1918,-11.237000000000023,-11.237000000000023,3.0837999999999965,149,42
TIMSS_G4,2023,OMN,mathematics,421.3615,4.0308,476.8972,476.8972,430.8736,-55.53570000000002,-55.53570000000002,-9.512100000000032,149,42
TIMSS_G4,2023,POL,mathematics,546.0228,2.0331,512.8224,512.8224,520.1396,33.200399999999945,33.200399999999945,25.883199999999988,149,42
TIMSS_G4,2023,QAT,mathematics,463.9648,3.4806,467.6454,467.6454,449.2973,-3.68059999999997,-3.68059999999997,14.667500000000018,149,42
TIMSS_G4,2023,SAU,mathematics,419.5002,4.1645,413.5889,413.5889,398.0931,5.911299999999983,5.911299999999983,21.407100000000014,149,42
TIMSS_G4,2023,SGP,mathematics,614.7797,2.8989,641.3994,641.3994,628.3895,-26.619699999999966,-26.619699999999966,-13.60979999999995,149,42
TIMSS_G4,2023,SRB,mathematics,522.9273,3.3035,507.8915,507.8915,507.8811,15.035799999999938,15.035799999999938,15.046199999999942,149,42
TIMSS_G4,2023,SVK,mathematics,514.7984,3.0667,508.2367,508.2367,508.7407,6.56170000000003,6.56170000000003,6.057700000000011,149,42
TIMSS_G4,2023,TUR,mathematics,553.2616,4.1025,522.2258,522.2258,522.1314,31.035799999999995,31.035799999999995,31.13020000000006,149,42
TIMSS_G4,2023,TWN,mathematics,607.03,1.7404,622.1896,622.1896,598.6887,-15.159600000000069,-15.159600000000069,8.341299999999933,149,42
TIMSS_G4,2023,XKX,mathematics,451.3987,3.4316,482.4466,482.4466,444.3537,-31.04789999999997,-31.04789999999997,7.045000000000016,149,42
TIMSS_G4,2023,ZAF,mathematics,361.6672,3.5246,394.7678,394.7678,373.5645,-33.10060000000004,-33.10060000000004,-11.89730000000003,149,42
TIMSS_G4,2003,AUS,science,520.6911,4.257,,,514.2141,,,6.476999999999975,0,13
TIMSS_G4,2003,BFL,science,518.3421,1.8879,,,,,,,0,13
TIMSS_G4,2003,ENG,science,540.2402,3.5135,,,501.0653,,,39.17489999999998,0,13
TIMSS_G4,2003,HKG,science,542.4826,2.9888,,,483.6712,,,58.81140000000005,0,13
TIMSS_G4,2003,ITA,science,515.6404,3.7953,,,,,,,0,13
TIMSS_G4,2003,JPN,science,543.4686,1.5417,,,527.565,,,15.903599999999983,0,13
TIMSS_G4,2003,NLD,science,525.1246,2.0342,,,502.9933,,,22.13130000000001,0,13
TIMSS_G4,2003,NOR,science,466.3464,2.6005,,,461.7301,,,4.616300000000024,0,13
TIMSS_G4,2003,NZL,science,519.6712,2.3936,,,477.4337,,,42.23750000000001,0,13
TIMSS_G4,2003,RUS,science,526.1874,5.3097,,,,,,,0,13
TIMSS_G4,2003,SCO,science,501.9748,2.8775,,,486.2358,,,15.739000000000033,0,13
TIMSS_G4,2003,SVN,science,490.3647,2.615,,,493.1684,,,-2.803699999999992,0,13
TIMSS_G4,2003,USA,science,535.6305,2.5029,,,513.8748,,,21.755699999999933,0,13
TIMSS_G4,2007,ARM,science,484.3868,6.125,492.7443,492.7443,436.5281,-8.357500000000016,-8.357500000000016,47.8587,13,19
TIMSS_G4,2007,AUS,science,527.3967,3.3021,530.9029,530.9029,520.6911,-3.5062000000000353,-3.5062000000000353,6.705600000000004,13,19
TIMSS_G4,2007,AUT,science,525.6268,2.4829,518.9357,518.9357,,6.691100000000006,6.691100000000006,,13,19
TIMSS_G4,2007,COT,science,535.8687,3.8014,539.758,539.758,540.205,-3.8893000000000484,-3.8893000000000484,-4.336300000000051,13,19
TIMSS_G4,2007,CQU,science,517.1224,2.8111,523.4324,523.4324,500.3921,-6.310000000000059,-6.310000000000059,16.730299999999943,13,19
TIMSS_G4,2007,CZE,science,515.0518,3.0472,518.9357,518.9357,,-3.8839000000000397,-3.8839000000000397,,13,19
TIMSS_G4,2007,DNK,science,516.9172,2.8848,518.9357,518.9357,,-2.0185000000000173,-2.0185000000000173,,13,19
TIMSS_G4,2007,HUN,science,536.2259,3.395,537.9627,537.9627,529.7275,-1.7368000000000166,-1.7368000000000166,6.498400000000061,13,19
TIMSS_G4,2007,ITA,science,535.2168,3.2477,529.9321,529.9321,515.6404,5.2847000000000435,5.2847000000000435,19.576400000000035,13,19
TIMSS_G4,2007,LTU,science,514.2051,2.3508,518.6146,518.6146,,-4.40949999999998,-4.40949999999998,,13,19
TIMSS_G4,2007,LVA,science,541.8951,2.2792,518.8082,518.8082,,23.0868999999999,23.0868999999999,,13,19
TIMSS_G4,2007,NLD,science,523.1763,2.5572,538.1067,538.1067,525.1246,-14.930400000000077,-14.930400000000077,-1.9483000000000175,13,19
TIMSS_G4,2007,NOR,science,476.5508,3.5085,502.5867,502.5867,466.3464,-26.035900000000026,-26.035900000000026,10.204399999999964,13,19
TIMSS_G4,2007,NZL,science,504.0658,2.6791,529.7337,529.7337,519.6712,-25.667899999999975,-25.667899999999975,-15.605399999999975,13,19
TIMSS_G4,2007,SVK,science,525.6914,4.8065,518.6911,518.6911,,7.000300000000038,7.000300000000038,,13,19
TIMSS_G4,2007,SVN,science,518.3925,1.9267,515.7065,515.7065,490.3647,2.6860000000000355,2.6860000000000355,28.027800000000013,13,19
TIMSS_G4,2007,SWE,science,524.8102,2.8673,518.4829,518.4829,,6.327300000000037,6.327300000000037,,13,19
TIMSS_G4,2007,TUN,science,318.4744,5.8706,428.854,428.854,313.9885,-110.37959999999998,-110.37959999999998,4.485900000000015,13,19
TIMSS_G4,2007,TWN,science,556.6963,2.0183,552.5879,552.5879,551.3547,4.1083999999999605,4.1083999999999605,5.341599999999971,13,19
TIMSS_G4,2011,ADU,science,461.2419,2.4549,492.7333,492.7333,459.6483,-31.4914,-31.4914,1.5935999999999808,32,29
TIMSS_G4,2011,ARM,science,416.0832,3.7788,513.6428,513.6428,484.3868,-97.55959999999999,-97.55959999999999,-68.30360000000002,32,29
TIMSS_G4,2011,AUS,science,515.5933,2.8895,531.8035,531.8035,527.3967,-16.210199999999986,-16.210199999999986,-11.80340000000001,32,29
TIMSS_G4,2011,AUT,science,531.5022,2.8653,528.7661,528.7661,525.6268,2.736099999999965,2.736099999999965,5.875400000000013,32,29
TIMSS_G4,2011,BHR,science,449.4156,3.5386,507.0855,507.0855,,-57.66990000000004,-57.66990000000004,,32,29
TIMSS_G4,2011,CAB,science,541.2533,2.5148,534.4168,534.4168,542.5885,6.836500000000001,6.836500000000001,-1.3351999999999862,32,29
TIMSS_G4,2011,COT,science,527.5905,3.0675,536.666,536.666,535.8687,-9.075500000000034,-9.075500000000034,-8.27819999999997,32,29
TIMSS_G4,2011,CQU,science,516.4002,2.713,529.0084,529.0084,517.1224,-12.60820000000001,-12.60820000000001,-0.7221999999999298,32,29
TIMSS_G4,2011,HKG,science,534.9477,3.6627,517.7622,517.7622,,17.185500000000047,17.185500000000047,,32,29
TIMSS_G4,2011,HUN,science,534.3866,3.6767,538.4286,538.4286,536.2259,-4.041999999999916,-4.041999999999916,-1.8392999999999802,32,29
TIMSS_G4,2011,ITA,science,523.8551,2.6696,530.2212,530.2212,535.2168,-6.36609999999996,-6.36609999999996,-11.361700000000042,32,29
TIMSS_G4,2011,KAZ,science,494.5325,5.0957,541.2466,541.2466,532.8304,-46.71409999999992,-46.71409999999992,-38.29790000000003,32,29
TIMSS_G4,2011,KWT,science,347.1358,4.7832,411.0666,411.0666,348.1511,-63.93079999999998,-63.93079999999998,-1.015299999999968,32,29
TIMSS_G4,2011,LTU,science,514.6282,2.3594,532.3401,532.3401,514.2051,-17.711900000000014,-17.711900000000014,0.4230999999999767,32,29
TIMSS_G4,2011,MAR,science,263.6544,4.3758,496.4614,496.4614,,-232.80700000000002,-232.80700000000002,,32,29
TIMSS_G4,2011,MLT,science,445.8257,1.9405,505.7223,505.7223,,-59.896600000000035,-59.896600000000035,,32,29
TIMSS_G4,2011,NLD,science,531.1561,2.2364,534.7224,534.7224,523.1763,-3.5662999999999556,-3.5662999999999556,7.979800000000068,32,29
TIMSS_G4,2011,OMN,science,377.0061,4.3134,499.7633,499.7633,,-122.75720000000001,-122.75720000000001,,32,29
TIMSS_G4,2011,QAT,science,394.1559,4.3267,372.58,372.58,294.3956,21.57589999999999,21.57589999999999,99.76029999999997,32,29
TIMSS_G4,2011,ROM,science,505.3852,5.8637,506.3984,506.3984,,-1.0131999999999834,-1.0131999999999834,,32,29
TIMSS_G4,2011,RUS,science,552.3455,3.4352,517.4612,517.4612,,34.88430000000005,34.88430000000005,,32,29
TIMSS_G4,2011,SAU,science,429.3868,5.4553,496.5214,496.5214,,-67.13460000000003,-67.13460000000003,,32,29
TIMSS_G4,2011,SGP,science,583.3389,3.4139,523.794,523.794,,59.544899999999984,59.544899999999984,,32,29
TIMSS_G4,2011,SVK,science,531.8046,3.7483,526.6303,526.6303,525.6914,5.1743000000000166,5.1743000000000166,6.113200000000006,32,29
TIMSS_G4,2011,SVN,science,520.2802,2.5772,525.5368,525.5368,518.3925,-5.256599999999935,-5.256599999999935,1.8876999999999953,32,29
TIMSS_G4,2011,SWE,science,533.4812,2.7761,528.3292,528.3292,524.8102,5.15199999999993,5.15199999999993,8.670999999999935,32,29
TIMSS_G4,2011,THA,science,471.5708,5.798,507.7367,507.7367,,-36.165899999999965,-36.165899999999965,,32,29
TIMSS_G4,2011,TUN,science,345.6063,5.132,408.4365,408.4365,318.4744,-62.83020000000005,-62.83020000000005,27.131899999999973,32,29
TIMSS_G4,2011,TWN,science,551.7028,2.2109,564.2185,564.2185,556.6963,-12.515699999999924,-12.515699999999924,-4.993499999999926,32,29
TIMSS_G4,2015,AAD,science,414.7105,5.5764,474.5527,474.5527,,-59.84219999999999,-59.84219999999999,,61,36
TIMSS_G4,2015,BHR,science,458.812,2.5517,444.8935,444.8935,449.4156,13.918499999999995,13.918499999999995,9.396400000000028,61,36
TIMSS_G4,2015,CAN,science,524.7821,2.6473,498.1836,498.1836,,26.5985,26.5985,,61,36
TIMSS_G4,2015,COT,science,530.3701,2.5455,529.5045,529.5045,527.5905,0.8655999999999722,0.8655999999999722,2.7795999999999594,61,36
TIMSS_G4,2015,CQU,science,524.5089,4.0915,533.1387,533.1387,516.4002,-8.629799999999932,-8.629799999999932,8.108699999999999,61,36
TIMSS_G4,2015,DEU,science,528.4667,2.3909,498.1836,498.1836,,30.283099999999934,30.283099999999934,,61,36
TIMSS_G4,2015,DNK,science,527.029,2.0752,498.1836,498.1836,,28.845399999999984,28.845399999999984,,61,36
TIMSS_G4,2015,FIN,science,553.8131,2.3134,521.4447,521.4447,570.2206,32.36839999999995,32.36839999999995,-16.407500000000027,61,36
TIMSS_G4,2015,GEO,science,451.2453,3.743,452.0578,452.0578,,-0.8125,-0.8125,,61,36
TIMSS_G4,2015,HKG,science,556.5472,2.9347,515.6969,515.6969,534.9477,40.85029999999995,40.85029999999995,21.59949999999992,61,36
TIMSS_G4,2015,HRV,science,533.4419,2.0539,498.1836,498.1836,,35.25830000000002,35.25830000000002,,61,36
TIMSS_G4,2015,HUN,science,541.9782,3.342,529.4237,529.4237,534.3866,12.554499999999962,12.554499999999962,7.591599999999971,61,36
TIMSS_G4,2015,IDN,science,396.6664,4.8358,432.1144,432.1144,,-35.44799999999998,-35.44799999999998,,61,36
TIMSS_G4,2015,IRL,science,528.8759,2.3549,506.649,506.649,516.0549,22.2269,22.2269,12.821000000000026,61,36
TIMSS_G4,2015,IRN,science,421.0092,4.0212,469.3874,469.3874,,-48.37819999999999,-48.37819999999999,,61,36
TIMSS_G4,2015,ITA,science,516.475,2.6223,515.5812,515.5812,523.8551,0.8938000000000557,0.8938000000000557,-7.38009999999997,61,36
TIMSS_G4,2015,JPN,science,569.0127,1.774,551.6785,551.6785,,17.33420000000001,17.33420000000001,,61,36
TIMSS_G4,2015,KAZ,science,549.5563,4.4055,499.596,499.596,494.5325,49.96029999999996,49.96029999999996,55.02379999999994,61,36
TIMSS_G4,2015,KOR,science,589.3195,1.9815,566.0157,566.0157,,23.30379999999991,23.30379999999991,,61,36
TIMSS_G4,2015,KWT,science,337.2129,6.2187,453.1038,453.1038,347.1358,-115.89089999999999,-115.89089999999999,-9.922900000000027,61,36
TIMSS_G4,2015,LTU,science,527.6665,2.5086,506.6468,506.6468,514.6282,21.019700000000057,21.019700000000057,13.03830000000005,61,36
TIMSS_G4,2015,MAR,science,352.2073,4.664,348.649,348.649,263.6544,3.5582999999999743,3.5582999999999743,88.55289999999997,61,36
TIMSS_G4,2015,NIR,science,519.7678,2.2322,498.1836,498.1836,,21.584199999999953,21.584199999999953,,61,36
TIMSS_G4,2015,NLD,science,517.1205,2.6523,511.2106,511.2106,531.1561,5.909899999999993,5.909899999999993,-14.035600000000045,61,36
TIMSS_G4,2015,NOR,science,537.5982,2.648,496.1207,496.1207,,41.47750000000002,41.47750000000002,,61,36
TIMSS_G4,2015,NZL,science,505.517,2.6589,507.4496,507.4496,,-1.9325999999999794,-1.9325999999999794,,61,36
TIMSS_G4,2015,OMN,science,430.9741,3.1159,463.1602,463.1602,377.0061,-32.18609999999995,-32.18609999999995,53.96800000000002,61,36
TIMSS_G4,2015,PRT,science,508.0561,2.2006,498.1836,498.1836,,9.872500000000002,9.872500000000002,,61,36
TIMSS_G4,2015,QAT,science,436.2582,4.0663,415.7878,415.7878,394.1559,20.470399999999984,20.470399999999984,42.102300000000014,61,36
TIMSS_G4,2015,SRB,science,524.5091,3.6881,505.8541,505.8541,515.5076,18.654999999999973,18.654999999999973,9.001499999999965,61,36
TIMSS_G4,2015,SVK,science,520.4948,2.6233,509.4704,509.4704,531.8046,11.024400000000071,11.024400000000071,-11.309799999999996,61,36
TIMSS_G4,2015,SVN,science,542.5731,2.4405,506.9002,506.9002,520.2802,35.67289999999997,35.67289999999997,22.292899999999918,61,36
TIMSS_G4,2015,SWE,science,540.1936,3.5691,509.7344,509.7344,533.4812,30.459199999999953,30.459199999999953,6.712400000000002,61,36
TIMSS_G4,2015,TUR,science,483.3988,3.3174,484.5697,484.5697,,-1.1709000000000174,-1.1709000000000174,,61,36
TIMSS_G4,2015,TWN,science,555.2816,1.7889,587.5945,587.5945,551.7028,-32.31290000000001,-32.31290000000001,3.578800000000001,61,36
TIMSS_G4,2015,USA,science,545.9069,2.2125,535.63,535.63,543.8407,10.276899999999955,10.276899999999955,2.0661999999999807,61,36
TIMSS_G4,2019,AAD,science,416.8693,2.7838,448.2668,448.2668,414.7105,-31.39749999999998,-31.39749999999998,2.158799999999985,97,51
TIMSS_G4,2019,ADU,science,543.0198,1.7035,521.2402,521.2402,,21.779600000000073,21.779600000000073,,97,51
TIMSS_G4,2019,ALB,science,489.4802,3.5271,467.016,467.016,,22.464200000000005,22.464200000000005,,97,51
TIMSS_G4,2019,ARE,science,478.8223,4.6611,464.3074,464.3074,,14.514900000000011,14.514900000000011,,97,51
TIMSS_G4,2019,ARM,science,466.4317,3.4341,485.8071,485.8071,,-19.375400000000013,-19.375400000000013,,97,51
TIMSS_G4,2019,AUS,science,532.5749,2.425,519.8441,519.8441,,12.730799999999931,12.730799999999931,,97,51
TIMSS_G4,2019,AUT,science,518.3878,2.2271,499.9929,499.9929,,18.39489999999995,18.39489999999995,,97,51
TIMSS_G4,2019,CAN,science,519.5728,2.0721,551.7595,551.7595,524.7821,-32.18669999999997,-32.18669999999997,-5.209299999999985,97,51
TIMSS_G4,2019,CHL,science,469.7196,2.5665,443.719,443.719,477.7105,26.00060000000002,26.00060000000002,-7.9909000000000106,97,51
TIMSS_G4,2019,COT,science,524.1015,3.1133,536.5383,536.5383,530.3701,-12.436800000000062,-12.436800000000062,-6.268599999999992,97,51
TIMSS_G4,2019,CQU,science,521.8234,2.4713,545.8236,545.8236,524.5089,-24.000200000000063,-24.000200000000063,-2.6855000000000473,97,51
TIMSS_G4,2019,CZE,science,528.2753,3.6598,513.979,513.979,534.3801,14.296299999999974,14.296299999999974,-6.104799999999955,97,51
TIMSS_G4,2019,DEU,science,522.1972,4.7341,519.6841,519.6841,528.4667,2.5131000000000085,2.5131000000000085,-6.269499999999994,97,51
TIMSS_G4,2019,DNK,science,520.2288,2.2397,518.3963,518.3963,527.029,1.8324999999999818,1.8324999999999818,-6.800200000000018,97,51
TIMSS_G4,2019,ESP,science,513.0994,2.4304,508.8184,508.8184,518.1979,4.280999999999949,4.280999999999949,-5.098500000000058,97,51
TIMSS_G4,2019,FIN,science,551.8116,2.4113,534.1732,534.1732,553.8131,17.638400000000047,17.638400000000047,-2.0014999999999645,97,51
TIMSS_G4,2019,FRA,science,482.8377,2.7311,502.254,502.254,,-19.416300000000035,-19.416300000000035,,97,51
TIMSS_G4,2019,GEO,science,462.1684,3.8874,450.4938,450.4938,451.2453,11.674599999999998,11.674599999999998,10.923100000000034,97,51
TIMSS_G4,2019,HKG,science,534.7279,3.229,599.9246,599.9246,556.5472,-65.19670000000008,-65.19670000000008,-21.8193,97,51
TIMSS_G4,2019,HRV,science,523.6182,3.4607,506.2985,506.2985,533.4419,17.31970000000001,17.31970000000001,-9.82370000000003,97,51
TIMSS_G4,2019,HUN,science,530.5706,2.9736,531.9655,531.9655,541.9782,-1.394900000000007,-1.394900000000007,-11.407600000000002,97,51
TIMSS_G4,2019,IRL,science,527.9704,3.1632,549.8167,549.8167,528.8759,-21.84629999999993,-21.84629999999993,-0.9054999999999609,97,51
TIMSS_G4,2019,IRN,science,440.828,4.1188,449.7988,449.7988,421.0092,-8.970800000000054,-8.970800000000054,19.818799999999953,97,51
TIMSS_G4,2019,ITA,science,509.485,2.9353,511.9124,511.9124,516.475,-2.4273999999999774,-2.4273999999999774,-6.990000000000009,97,51
TIMSS_G4,2019,KAZ,science,494.1548,3.0658,548.8249,548.8249,549.5563,-54.670099999999934,-54.670099999999934,-55.40149999999994,97,51
TIMSS_G4,2019,KOR,science,587.6576,2.0997,546.6617,546.6617,589.3195,40.995900000000006,40.995900000000006,-1.661899999999946,97,51
TIMSS_G4,2019,KWT,science,392.2951,6.1033,391.5188,391.5188,337.2129,0.776299999999992,0.776299999999992,55.0822,97,51
TIMSS_G4,2019,LTU,science,538.0792,2.5174,525.3575,525.3575,527.6665,12.721700000000055,12.721700000000055,10.412699999999973,97,51
TIMSS_G4,2019,LVA,science,541.8577,2.3847,498.3442,498.3442,,43.51350000000002,43.51350000000002,,97,51
TIMSS_G4,2019,MAR,science,374.0657,5.8267,388.8397,388.8397,352.2073,-14.774000000000001,-14.774000000000001,21.858400000000017,97,51
TIMSS_G4,2019,MKD,science,426.0427,6.2361,446.6304,446.6304,,-20.587699999999984,-20.587699999999984,,97,51
TIMSS_G4,2019,MLT,science,496.0437,1.1624,487.2882,487.2882,,8.755499999999984,8.755499999999984,,97,51
TIMSS_G4,2019,MNE,science,453.3214,2.4917,469.2671,469.2671,,-15.945700000000045,-15.945700000000045,,97,51
TIMSS_G4,2019,NIR,science,518.4913,2.3011,513.5557,513.5557,519.7678,4.935600000000022,4.935600000000022,-1.2764999999999418,97,51
TIMSS_G4,2019,NLD,science,516.6572,2.2637,516.7496,516.7496,517.1205,-0.09239999999999782,-0.09239999999999782,-0.4633000000000038,97,51
TIMSS_G4,2019,NOR,science,538.484,1.9822,522.9848,522.9848,537.5982,15.499200000000087,15.499200000000087,0.8858000000000175,97,51
TIMSS_G4,2019,NZL,science,502.5515,2.3033,510.7695,510.7695,505.517,-8.218000000000018,-8.218000000000018,-2.96550000000002,97,51
TIMSS_G4,2019,OMN,science,434.9443,4.0683,440.1761,440.1761,430.9741,-5.231800000000021,-5.231800000000021,3.970199999999977,97,51
TIMSS_G4,2019,POL,science,530.8328,2.5871,505.5486,505.5486,,25.2842,25.2842,,97,51
TIMSS_G4,2019,PRT,science,506.4609,2.3389,511.1242,511.1242,508.0561,-4.6632999999999925,-4.6632999999999925,-1.595200000000034,97,51
TIMSS_G4,2019,QAT,science,455.8791,4.6579,418.693,418.693,436.2582,37.18610000000001,37.18610000000001,19.620900000000006,97,51
TIMSS_G4,2019,RUS,science,567.2547,3.0171,537.0278,537.0278,,30.2269,30.2269,,97,51
TIMSS_G4,2019,SAU,science,402.2369,4.0697,429.3312,429.3312,,-27.094300000000032,-27.094300000000032,,97,51
TIMSS_G4,2019,SGP,science,596.8263,3.1599,607.2167,607.2167,,-10.3904,-10.3904,,97,51
TIMSS_G4,2019,SRB,science,516.9075,3.5003,510.8462,510.8462,524.5091,6.061300000000017,6.061300000000017,-7.601599999999962,97,51
TIMSS_G4,2019,SVK,science,518.0652,2.7835,495.3323,495.3323,520.4948,22.73290000000003,22.73290000000003,-2.4296000000000504,97,51
TIMSS_G4,2019,SWE,science,529.7944,3.3407,517.4278,517.4278,540.1936,12.366599999999949,12.366599999999949,-10.39919999999995,97,51
TIMSS_G4,2019,TUR,science,526.0656,4.2192,461.7428,461.7428,483.3988,64.32280000000003,64.32280000000003,42.66680000000002,97,51
TIMSS_G4,2019,TWN,science,557.6698,1.756,524.9259,524.9259,555.2816,32.74390000000005,32.74390000000005,2.3881999999999834,97,51
TIMSS_G4,2019,USA,science,537.2607,2.7041,517.7605,517.7605,545.9069,19.500200000000063,19.500200000000063,-8.646199999999908,97,51
TIMSS_G4,2019,ZAF,science,324.2336,4.9319,409.3087,409.3087,,-85.07509999999996,-85.07509999999996,,97,51
TIMSS_G4,2023,AAD,science,446.1415,2.6301,430.5932,430.5932,416.8693,15.548299999999983,15.548299999999983,29.272199999999998,148,42
TIMSS_G4,2023,ADU,science,562.3922,1.7897,557.3596,557.3596,543.0198,5.032600000000002,5.032600000000002,19.37239999999997,148,42
TIMSS_G4,2023,ALB,science,490.5998,4.4935,498.5447,498.5447,489.4802,-7.944899999999961,-7.944899999999961,1.1195999999999913,148,42
TIMSS_G4,2023,ARE,science,494.9497,1.825,489.965,489.965,478.8223,4.984700000000032,4.984700000000032,16.127400000000023,148,42
TIMSS_G4,2023,ARM,science,457.2906,2.6915,494.1723,494.1723,466.4317,-36.88170000000002,-36.88170000000002,-9.141099999999994,148,42
TIMSS_G4,2023,AUS,science,549.5002,2.2909,537.8785,537.8785,532.5749,11.621699999999919,11.621699999999919,16.925299999999993,148,42
TIMSS_G4,2023,AZE,science,421.6027,3.2655,488.1033,488.1033,426.7347,-66.50059999999996,-66.50059999999996,-5.131999999999948,148,42
TIMSS_G4,2023,BFL,science,488.3576,2.6214,506.6015,506.6015,501.017,-18.243899999999996,-18.243899999999996,-12.659400000000005,148,42
TIMSS_G4,2023,CAN,science,521.1253,2.0448,507.587,507.587,519.5728,13.53830000000005,13.53830000000005,1.552500000000009,148,42
TIMSS_G4,2023,CHL,science,479.2523,2.6715,464.1578,464.1578,469.7196,15.094499999999982,15.094499999999982,9.532699999999977,148,42
TIMSS_G4,2023,COT,science,525.2649,3.2495,535.9427,535.9427,524.1015,-10.677799999999934,-10.677799999999934,1.1634000000000242,148,42
TIMSS_G4,2023,CQU,science,507.5048,2.7284,548.7194,548.7194,521.8234,-41.21459999999996,-41.21459999999996,-14.318600000000004,148,42
TIMSS_G4,2023,CYP,science,486.9837,3.0814,510.3231,510.3231,511.4192,-23.339400000000012,-23.339400000000012,-24.43549999999999,148,42
TIMSS_G4,2023,CZE,science,525.8413,2.3387,511.9153,511.9153,528.2753,13.926000000000045,13.926000000000045,-2.433999999999969,148,42
TIMSS_G4,2023,DEU,science,515.4773,2.827,509.2662,509.2662,522.1972,6.211099999999988,6.211099999999988,-6.719899999999939,148,42
TIMSS_G4,2023,ESP,science,504.0387,2.0939,504.8689,504.8689,513.0994,-0.8301999999999907,-0.8301999999999907,-9.06069999999994,148,42
TIMSS_G4,2023,FIN,science,542.0588,2.9452,549.5895,549.5895,551.8116,-7.530700000000024,-7.530700000000024,-9.75279999999998,148,42
TIMSS_G4,2023,FRA,science,488.1341,2.9948,495.772,495.772,482.8377,-7.637900000000002,-7.637900000000002,5.2964000000000055,148,42
TIMSS_G4,2023,HKG,science,545.231,3.8475,553.2639,553.2639,534.7279,-8.03290000000004,-8.03290000000004,10.503100000000018,148,42
TIMSS_G4,2023,IRL,science,531.8995,3.1927,514.7415,514.7415,527.9704,17.158000000000015,17.158000000000015,3.9290999999999485,148,42
TIMSS_G4,2023,ITA,science,510.5523,2.4719,512.0368,512.0368,509.485,-1.4844999999999686,-1.4844999999999686,1.0672999999999888,148,42
TIMSS_G4,2023,JOR,science,417.6881,4.9095,467.5366,467.5366,,-49.8485,-49.8485,,148,42
TIMSS_G4,2023,KAZ,science,466.53,3.4832,497.9085,497.9085,494.1548,-31.37850000000003,-31.37850000000003,-27.62480000000005,148,42
TIMSS_G4,2023,KOR,science,583.2645,2.5267,597.4277,597.4277,587.6576,-14.16319999999996,-14.16319999999996,-4.393100000000004,148,42
TIMSS_G4,2023,KWT,science,373.3174,5.4728,461.5275,461.5275,392.2951,-88.21009999999995,-88.21009999999995,-18.97769999999997,148,42
TIMSS_G4,2023,LTU,science,536.948,2.8936,542.2557,542.2557,538.0792,-5.307700000000068,-5.307700000000068,-1.1312000000000353,148,42
TIMSS_G4,2023,LVA,science,525.5452,3.0104,517.402,517.402,541.8577,8.143199999999979,8.143199999999979,-16.3125,148,42
TIMSS_G4,2023,MNE,science,460.6789,2.0243,484.7647,484.7647,453.3214,-24.085800000000006,-24.085800000000006,7.357500000000016,148,42
TIMSS_G4,2023,NLD,science,516.9196,2.9171,510.375,510.375,516.6572,6.544599999999946,6.544599999999946,0.2623999999999569,148,42
TIMSS_G4,2023,NOR,science,530.4362,2.5669,525.3609,525.3609,538.484,5.07529999999997,5.07529999999997,-8.047800000000052,148,42
TIMSS_G4,2023,NZL,science,517.0717,2.8464,504.743,504.743,502.5515,12.32869999999997,12.32869999999997,14.520199999999988,148,42
TIMSS_G4,2023,OMN,science,432.6494,4.2297,477.624,477.624,434.9443,-44.97460000000001,-44.97460000000001,-2.294899999999984,148,42
TIMSS_G4,2023,POL,science,549.8445,2.2279,511.2565,511.2565,530.8328,38.58800000000002,38.58800000000002,19.01170000000002,148,42
TIMSS_G4,2023,QAT,science,472.1361,3.602,474.5751,474.5751,455.8791,-2.4390000000000214,-2.4390000000000214,16.257000000000005,148,42
TIMSS_G4,2023,SAU,science,427.5799,4.0095,417.2673,417.2673,402.2369,10.312600000000032,10.312600000000032,25.343000000000018,148,42
TIMSS_G4,2023,SGP,science,607.3513,2.7596,630.9263,630.9263,596.8263,-23.574999999999932,-23.574999999999932,10.525000000000091,148,42
TIMSS_G4,2023,SRB,science,509.8597,3.1889,506.4744,506.4744,516.9075,3.3852999999999724,3.3852999999999724,-7.047800000000052,148,42
TIMSS_G4,2023,SVK,science,520.5926,3.3094,506.8488,506.8488,518.0652,13.743799999999965,13.743799999999965,2.5273999999999432,148,42
TIMSS_G4,2023,TUR,science,570.1124,3.4223,525.2789,525.2789,526.0656,44.83349999999996,44.83349999999996,44.04679999999996,148,42
TIMSS_G4,2023,TWN,science,572.6067,1.7406,601.1774,601.1774,557.6698,-28.570699999999988,-28.570699999999988,14.936900000000037,148,42
TIMSS_G4,2023,XKX,science,403.1171,3.6412,474.8517,474.8517,413.0594,-71.7346,-71.7346,-9.942299999999989,148,42
TIMSS_G4,2023,ZAF,science,307.918,4.7045,366.2586,366.2586,324.2336,-58.340599999999995,-58.340599999999995,-16.315600000000018,148,42
